1.000000000000000000e+00 8.084000000000000000e+03
2.000000000000000000e+00 4.932000000000000000e+03
4.200000000000000000e+01 2.766000000000000000e+03
2.010000000000000000e+02 1.572000000000000000e+03
3.680000000000000000e+02 9.380000000000000000e+02
4.910000000000000000e+02 5.920000000000000000e+02
5.750000000000000000e+02 3.600000000000000000e+02
6.220000000000000000e+02 2.140000000000000000e+02
6.620000000000000000e+02 1.170000000000000000e+02
7.050000000000000000e+02 5.700000000000000000e+01
7.320000000000000000e+02 2.800000000000000000e+01
7.560000000000000000e+02 1.300000000000000000e+01
7.720000000000000000e+02 5.000000000000000000e+00
7.840000000000000000e+02 2.000000000000000000e+00
7.910000000000000000e+02 0.000000000000000000e+00
7.980000000000000000e+02 0.000000000000000000e+00
8.020000000000000000e+02 0.000000000000000000e+00
8.040000000000000000e+02 0.000000000000000000e+00
8.070000000000000000e+02 0.000000000000000000e+00
