1.000000000000000000e+00 1.399200000000000000e+04
3.000000000000000000e+00 6.200000000000000000e+03
9.700000000000000000e+01 2.665000000000000000e+03
3.410000000000000000e+02 1.178000000000000000e+03
5.140000000000000000e+02 5.790000000000000000e+02
6.200000000000000000e+02 3.160000000000000000e+02
7.000000000000000000e+02 1.680000000000000000e+02
7.390000000000000000e+02 8.600000000000000000e+01
7.670000000000000000e+02 4.600000000000000000e+01
7.800000000000000000e+02 2.000000000000000000e+01
7.880000000000000000e+02 4.000000000000000000e+00
8.030000000000000000e+02 2.000000000000000000e+00
8.110000000000000000e+02 1.000000000000000000e+00
8.130000000000000000e+02 1.000000000000000000e+00
8.180000000000000000e+02 0.000000000000000000e+00
8.200000000000000000e+02 0.000000000000000000e+00
8.220000000000000000e+02 0.000000000000000000e+00
8.240000000000000000e+02 0.000000000000000000e+00
8.250000000000000000e+02 0.000000000000000000e+00
