4.700000000000000000e+01 2.538000000000000000e+04
7.700000000000000000e+01 1.753700000000000000e+04
9.000000000000000000e+01 1.215500000000000000e+04
1.040000000000000000e+02 8.544000000000000000e+03
1.420000000000000000e+02 5.963000000000000000e+03
2.000000000000000000e+02 4.192000000000000000e+03
2.770000000000000000e+02 3.001000000000000000e+03
3.550000000000000000e+02 2.139000000000000000e+03
4.240000000000000000e+02 1.525000000000000000e+03
4.750000000000000000e+02 1.115000000000000000e+03
5.200000000000000000e+02 7.990000000000000000e+02
5.640000000000000000e+02 5.540000000000000000e+02
5.990000000000000000e+02 3.750000000000000000e+02
6.310000000000000000e+02 2.210000000000000000e+02
6.600000000000000000e+02 1.270000000000000000e+02
6.890000000000000000e+02 6.500000000000000000e+01
7.120000000000000000e+02 3.100000000000000000e+01
7.330000000000000000e+02 1.400000000000000000e+01
7.470000000000000000e+02 9.000000000000000000e+00
