1.000000000000000000e+00 6.409200000000000000e+04
3.100000000000000000e+01 3.510700000000000000e+04
9.300000000000000000e+01 1.784600000000000000e+04
1.480000000000000000e+02 8.995000000000000000e+03
2.680000000000000000e+02 4.357000000000000000e+03
3.680000000000000000e+02 2.089000000000000000e+03
4.520000000000000000e+02 9.370000000000000000e+02
5.500000000000000000e+02 4.100000000000000000e+02
6.460000000000000000e+02 2.030000000000000000e+02
7.160000000000000000e+02 8.100000000000000000e+01
7.730000000000000000e+02 3.000000000000000000e+01
8.070000000000000000e+02 1.300000000000000000e+01
8.520000000000000000e+02 3.000000000000000000e+00
8.740000000000000000e+02 2.000000000000000000e+00
8.930000000000000000e+02 0.000000000000000000e+00
9.030000000000000000e+02 0.000000000000000000e+00
9.130000000000000000e+02 0.000000000000000000e+00
9.190000000000000000e+02 0.000000000000000000e+00
9.210000000000000000e+02 0.000000000000000000e+00
