1.000000000000000000e+00 2.354700000000000000e+04
1.000000000000000000e+00 1.280200000000000000e+04
8.000000000000000000e+00 7.006000000000000000e+03
9.700000000000000000e+01 3.733000000000000000e+03
2.500000000000000000e+02 2.028000000000000000e+03
3.770000000000000000e+02 1.073000000000000000e+03
4.940000000000000000e+02 5.440000000000000000e+02
6.060000000000000000e+02 2.940000000000000000e+02
6.770000000000000000e+02 1.310000000000000000e+02
7.280000000000000000e+02 5.900000000000000000e+01
7.590000000000000000e+02 2.500000000000000000e+01
7.940000000000000000e+02 1.500000000000000000e+01
8.090000000000000000e+02 1.200000000000000000e+01
8.140000000000000000e+02 9.000000000000000000e+00
8.170000000000000000e+02 5.000000000000000000e+00
8.210000000000000000e+02 3.000000000000000000e+00
8.290000000000000000e+02 0.000000000000000000e+00
8.330000000000000000e+02 0.000000000000000000e+00
8.350000000000000000e+02 0.000000000000000000e+00
