1.000000000000000000e+00 2.240800000000000000e+04
1.000000000000000000e+00 1.125500000000000000e+04
2.200000000000000000e+01 5.566000000000000000e+03
1.580000000000000000e+02 2.685000000000000000e+03
3.390000000000000000e+02 1.306000000000000000e+03
4.880000000000000000e+02 6.380000000000000000e+02
6.260000000000000000e+02 3.290000000000000000e+02
7.030000000000000000e+02 1.760000000000000000e+02
7.430000000000000000e+02 1.010000000000000000e+02
7.720000000000000000e+02 6.200000000000000000e+01
7.890000000000000000e+02 3.100000000000000000e+01
7.960000000000000000e+02 1.400000000000000000e+01
8.080000000000000000e+02 5.000000000000000000e+00
8.160000000000000000e+02 2.000000000000000000e+00
8.250000000000000000e+02 0.000000000000000000e+00
8.290000000000000000e+02 0.000000000000000000e+00
8.360000000000000000e+02 0.000000000000000000e+00
8.390000000000000000e+02 0.000000000000000000e+00
8.400000000000000000e+02 0.000000000000000000e+00
