2.000000000000000000e+00 3.685000000000000000e+03
5.100000000000000000e+01 2.233000000000000000e+03
1.650000000000000000e+02 1.357000000000000000e+03
2.900000000000000000e+02 8.470000000000000000e+02
3.750000000000000000e+02 5.270000000000000000e+02
4.480000000000000000e+02 3.090000000000000000e+02
5.230000000000000000e+02 1.800000000000000000e+02
5.980000000000000000e+02 9.800000000000000000e+01
6.580000000000000000e+02 5.600000000000000000e+01
7.000000000000000000e+02 2.400000000000000000e+01
7.440000000000000000e+02 1.600000000000000000e+01
7.690000000000000000e+02 8.000000000000000000e+00
7.790000000000000000e+02 4.000000000000000000e+00
7.870000000000000000e+02 1.000000000000000000e+00
7.910000000000000000e+02 1.000000000000000000e+00
7.940000000000000000e+02 0.000000000000000000e+00
7.960000000000000000e+02 0.000000000000000000e+00
8.000000000000000000e+02 0.000000000000000000e+00
8.010000000000000000e+02 0.000000000000000000e+00
