1.000000000000000000e+00 2.580400000000000000e+04
3.700000000000000000e+01 1.656600000000000000e+04
9.800000000000000000e+01 1.060400000000000000e+04
2.150000000000000000e+02 6.582000000000000000e+03
3.280000000000000000e+02 4.133000000000000000e+03
3.720000000000000000e+02 2.506000000000000000e+03
4.130000000000000000e+02 1.422000000000000000e+03
4.730000000000000000e+02 7.370000000000000000e+02
5.470000000000000000e+02 3.200000000000000000e+02
6.140000000000000000e+02 1.060000000000000000e+02
7.000000000000000000e+02 2.900000000000000000e+01
7.630000000000000000e+02 6.000000000000000000e+00
7.990000000000000000e+02 1.000000000000000000e+00
8.200000000000000000e+02 0.000000000000000000e+00
8.350000000000000000e+02 0.000000000000000000e+00
8.390000000000000000e+02 0.000000000000000000e+00
8.400000000000000000e+02 0.000000000000000000e+00
8.420000000000000000e+02 0.000000000000000000e+00
8.420000000000000000e+02 0.000000000000000000e+00
