1.000000000000000000e+00 1.326700000000000000e+04
1.000000000000000000e+00 8.654000000000000000e+03
6.000000000000000000e+00 4.962000000000000000e+03
5.000000000000000000e+01 2.786000000000000000e+03
1.640000000000000000e+02 1.564000000000000000e+03
3.470000000000000000e+02 8.520000000000000000e+02
4.900000000000000000e+02 4.490000000000000000e+02
5.900000000000000000e+02 2.060000000000000000e+02
6.640000000000000000e+02 9.300000000000000000e+01
7.180000000000000000e+02 4.000000000000000000e+01
7.540000000000000000e+02 1.100000000000000000e+01
7.760000000000000000e+02 4.000000000000000000e+00
7.930000000000000000e+02 0.000000000000000000e+00
8.080000000000000000e+02 0.000000000000000000e+00
8.100000000000000000e+02 0.000000000000000000e+00
8.120000000000000000e+02 0.000000000000000000e+00
8.140000000000000000e+02 0.000000000000000000e+00
8.160000000000000000e+02 0.000000000000000000e+00
8.160000000000000000e+02 0.000000000000000000e+00
