1.000000000000000000e+00 1.114200000000000000e+04
5.600000000000000000e+01 2.390000000000000000e+03
5.710000000000000000e+02 6.200000000000000000e+02
7.490000000000000000e+02 4.210000000000000000e+02
7.660000000000000000e+02 3.250000000000000000e+02
7.670000000000000000e+02 2.470000000000000000e+02
7.680000000000000000e+02 1.610000000000000000e+02
7.730000000000000000e+02 1.100000000000000000e+02
7.750000000000000000e+02 6.600000000000000000e+01
7.770000000000000000e+02 4.200000000000000000e+01
7.860000000000000000e+02 2.900000000000000000e+01
7.940000000000000000e+02 1.500000000000000000e+01
8.000000000000000000e+02 8.000000000000000000e+00
8.060000000000000000e+02 4.000000000000000000e+00
8.080000000000000000e+02 1.000000000000000000e+00
8.140000000000000000e+02 0.000000000000000000e+00
8.170000000000000000e+02 0.000000000000000000e+00
8.220000000000000000e+02 0.000000000000000000e+00
8.250000000000000000e+02 0.000000000000000000e+00
