8.000000000000000000e+00 1.726000000000000000e+03
9.000000000000000000e+01 1.146000000000000000e+03
1.750000000000000000e+02 7.470000000000000000e+02
2.740000000000000000e+02 4.940000000000000000e+02
3.790000000000000000e+02 3.630000000000000000e+02
4.640000000000000000e+02 2.760000000000000000e+02
5.230000000000000000e+02 1.870000000000000000e+02
5.760000000000000000e+02 1.330000000000000000e+02
6.240000000000000000e+02 9.100000000000000000e+01
6.660000000000000000e+02 5.600000000000000000e+01
6.870000000000000000e+02 4.000000000000000000e+01
7.120000000000000000e+02 2.500000000000000000e+01
7.250000000000000000e+02 1.700000000000000000e+01
7.360000000000000000e+02 1.300000000000000000e+01
7.500000000000000000e+02 6.000000000000000000e+00
7.590000000000000000e+02 0.000000000000000000e+00
7.720000000000000000e+02 0.000000000000000000e+00
7.790000000000000000e+02 0.000000000000000000e+00
7.800000000000000000e+02 0.000000000000000000e+00
