1.000000000000000000e+00 1.350600000000000000e+04
1.010000000000000000e+02 2.202000000000000000e+03
6.800000000000000000e+02 7.500000000000000000e+02
7.670000000000000000e+02 6.280000000000000000e+02
7.670000000000000000e+02 5.010000000000000000e+02
7.670000000000000000e+02 3.710000000000000000e+02
7.670000000000000000e+02 2.620000000000000000e+02
7.690000000000000000e+02 1.870000000000000000e+02
7.730000000000000000e+02 1.330000000000000000e+02
7.770000000000000000e+02 9.400000000000000000e+01
7.770000000000000000e+02 5.900000000000000000e+01
7.830000000000000000e+02 3.200000000000000000e+01
7.950000000000000000e+02 1.500000000000000000e+01
8.020000000000000000e+02 5.000000000000000000e+00
8.180000000000000000e+02 0.000000000000000000e+00
8.250000000000000000e+02 0.000000000000000000e+00
8.320000000000000000e+02 0.000000000000000000e+00
8.340000000000000000e+02 0.000000000000000000e+00
8.340000000000000000e+02 0.000000000000000000e+00
