1.000000000000000000e+00 1.324200000000000000e+04
6.900000000000000000e+01 9.156000000000000000e+03
7.500000000000000000e+01 6.312000000000000000e+03
8.200000000000000000e+01 4.117000000000000000e+03
1.310000000000000000e+02 2.562000000000000000e+03
2.220000000000000000e+02 1.492000000000000000e+03
3.090000000000000000e+02 8.940000000000000000e+02
3.910000000000000000e+02 5.300000000000000000e+02
4.800000000000000000e+02 2.990000000000000000e+02
5.590000000000000000e+02 1.600000000000000000e+02
6.020000000000000000e+02 8.300000000000000000e+01
6.440000000000000000e+02 3.500000000000000000e+01
6.880000000000000000e+02 9.000000000000000000e+00
7.260000000000000000e+02 1.000000000000000000e+00
7.540000000000000000e+02 0.000000000000000000e+00
7.740000000000000000e+02 0.000000000000000000e+00
7.820000000000000000e+02 0.000000000000000000e+00
7.910000000000000000e+02 0.000000000000000000e+00
8.000000000000000000e+02 0.000000000000000000e+00
