2.000000000000000000e+00 6.327000000000000000e+03
7.300000000000000000e+01 4.455000000000000000e+03
8.100000000000000000e+01 3.145000000000000000e+03
1.230000000000000000e+02 2.138000000000000000e+03
2.000000000000000000e+02 1.405000000000000000e+03
3.120000000000000000e+02 9.170000000000000000e+02
4.060000000000000000e+02 5.940000000000000000e+02
4.760000000000000000e+02 3.700000000000000000e+02
5.400000000000000000e+02 2.230000000000000000e+02
5.910000000000000000e+02 1.200000000000000000e+02
6.340000000000000000e+02 7.400000000000000000e+01
6.780000000000000000e+02 3.500000000000000000e+01
7.130000000000000000e+02 2.100000000000000000e+01
7.330000000000000000e+02 5.000000000000000000e+00
7.540000000000000000e+02 2.000000000000000000e+00
7.680000000000000000e+02 2.000000000000000000e+00
7.770000000000000000e+02 0.000000000000000000e+00
7.850000000000000000e+02 0.000000000000000000e+00
7.900000000000000000e+02 0.000000000000000000e+00
