1.000000000000000000e+00 1.973000000000000000e+04
2.000000000000000000e+00 1.071800000000000000e+04
8.500000000000000000e+01 5.532000000000000000e+03
2.290000000000000000e+02 2.934000000000000000e+03
3.630000000000000000e+02 1.532000000000000000e+03
4.810000000000000000e+02 8.250000000000000000e+02
5.920000000000000000e+02 4.320000000000000000e+02
6.590000000000000000e+02 2.200000000000000000e+02
7.020000000000000000e+02 1.100000000000000000e+02
7.390000000000000000e+02 4.600000000000000000e+01
7.730000000000000000e+02 1.600000000000000000e+01
8.000000000000000000e+02 9.000000000000000000e+00
8.100000000000000000e+02 1.000000000000000000e+00
8.190000000000000000e+02 1.000000000000000000e+00
8.220000000000000000e+02 0.000000000000000000e+00
8.260000000000000000e+02 0.000000000000000000e+00
8.280000000000000000e+02 0.000000000000000000e+00
8.290000000000000000e+02 0.000000000000000000e+00
8.320000000000000000e+02 0.000000000000000000e+00
