1.000000000000000000e+00 1.159600000000000000e+04
5.000000000000000000e+01 6.149000000000000000e+03
1.330000000000000000e+02 3.061000000000000000e+03
2.530000000000000000e+02 1.347000000000000000e+03
4.140000000000000000e+02 5.080000000000000000e+02
5.540000000000000000e+02 2.270000000000000000e+02
6.550000000000000000e+02 1.060000000000000000e+02
7.100000000000000000e+02 5.700000000000000000e+01
7.460000000000000000e+02 3.600000000000000000e+01
7.640000000000000000e+02 1.800000000000000000e+01
7.710000000000000000e+02 9.000000000000000000e+00
7.810000000000000000e+02 3.000000000000000000e+00
7.890000000000000000e+02 1.000000000000000000e+00
7.990000000000000000e+02 0.000000000000000000e+00
8.060000000000000000e+02 0.000000000000000000e+00
8.100000000000000000e+02 0.000000000000000000e+00
8.130000000000000000e+02 0.000000000000000000e+00
8.140000000000000000e+02 0.000000000000000000e+00
8.180000000000000000e+02 0.000000000000000000e+00
