3.900000000000000000e+01 1.829000000000000000e+03
7.800000000000000000e+01 1.426000000000000000e+03
1.040000000000000000e+02 1.133000000000000000e+03
1.510000000000000000e+02 9.080000000000000000e+02
2.070000000000000000e+02 7.110000000000000000e+02
2.780000000000000000e+02 5.840000000000000000e+02
3.430000000000000000e+02 4.900000000000000000e+02
3.950000000000000000e+02 4.110000000000000000e+02
4.370000000000000000e+02 3.280000000000000000e+02
4.770000000000000000e+02 2.640000000000000000e+02
5.050000000000000000e+02 2.100000000000000000e+02
5.340000000000000000e+02 1.750000000000000000e+02
5.580000000000000000e+02 1.500000000000000000e+02
5.820000000000000000e+02 1.360000000000000000e+02
5.960000000000000000e+02 1.180000000000000000e+02
6.100000000000000000e+02 1.030000000000000000e+02
6.280000000000000000e+02 8.000000000000000000e+01
6.450000000000000000e+02 6.500000000000000000e+01
6.660000000000000000e+02 4.800000000000000000e+01
