1.000000000000000000e+00 8.262000000000000000e+03
7.300000000000000000e+01 5.193000000000000000e+03
8.400000000000000000e+01 3.340000000000000000e+03
1.380000000000000000e+02 1.896000000000000000e+03
2.560000000000000000e+02 1.041000000000000000e+03
3.800000000000000000e+02 5.610000000000000000e+02
4.920000000000000000e+02 2.970000000000000000e+02
5.940000000000000000e+02 1.610000000000000000e+02
6.600000000000000000e+02 9.300000000000000000e+01
7.060000000000000000e+02 4.900000000000000000e+01
7.350000000000000000e+02 1.800000000000000000e+01
7.520000000000000000e+02 1.000000000000000000e+01
7.640000000000000000e+02 4.000000000000000000e+00
7.760000000000000000e+02 0.000000000000000000e+00
7.910000000000000000e+02 0.000000000000000000e+00
7.980000000000000000e+02 0.000000000000000000e+00
8.030000000000000000e+02 0.000000000000000000e+00
8.050000000000000000e+02 0.000000000000000000e+00
8.070000000000000000e+02 0.000000000000000000e+00
