1.000000000000000000e+00 1.181000000000000000e+04
3.900000000000000000e+01 6.871000000000000000e+03
1.370000000000000000e+02 4.047000000000000000e+03
2.940000000000000000e+02 2.302000000000000000e+03
4.680000000000000000e+02 1.463000000000000000e+03
5.310000000000000000e+02 9.100000000000000000e+02
5.680000000000000000e+02 5.600000000000000000e+02
6.110000000000000000e+02 3.310000000000000000e+02
6.600000000000000000e+02 2.220000000000000000e+02
6.990000000000000000e+02 1.230000000000000000e+02
7.250000000000000000e+02 7.100000000000000000e+01
7.540000000000000000e+02 3.900000000000000000e+01
7.710000000000000000e+02 2.400000000000000000e+01
7.810000000000000000e+02 1.000000000000000000e+01
7.940000000000000000e+02 1.000000000000000000e+00
8.010000000000000000e+02 0.000000000000000000e+00
8.070000000000000000e+02 0.000000000000000000e+00
8.110000000000000000e+02 0.000000000000000000e+00
8.150000000000000000e+02 0.000000000000000000e+00
