9.000000000000000000e+00 1.876800000000000000e+04
7.600000000000000000e+01 1.468700000000000000e+04
8.000000000000000000e+01 1.149000000000000000e+04
8.400000000000000000e+01 8.762000000000000000e+03
8.700000000000000000e+01 6.490000000000000000e+03
1.000000000000000000e+02 4.707000000000000000e+03
1.240000000000000000e+02 3.341000000000000000e+03
1.690000000000000000e+02 2.318000000000000000e+03
2.160000000000000000e+02 1.611000000000000000e+03
2.710000000000000000e+02 1.077000000000000000e+03
3.280000000000000000e+02 7.170000000000000000e+02
3.990000000000000000e+02 4.620000000000000000e+02
4.560000000000000000e+02 2.790000000000000000e+02
5.070000000000000000e+02 1.620000000000000000e+02
5.680000000000000000e+02 9.200000000000000000e+01
6.100000000000000000e+02 4.500000000000000000e+01
6.570000000000000000e+02 1.100000000000000000e+01
7.140000000000000000e+02 1.000000000000000000e+00
7.500000000000000000e+02 0.000000000000000000e+00
