8.300000000000000000e+01 1.270000000000000000e+03
2.130000000000000000e+02 6.670000000000000000e+02
3.610000000000000000e+02 4.060000000000000000e+02
4.780000000000000000e+02 2.530000000000000000e+02
5.510000000000000000e+02 1.620000000000000000e+02
6.130000000000000000e+02 1.050000000000000000e+02
6.620000000000000000e+02 6.500000000000000000e+01
6.940000000000000000e+02 3.900000000000000000e+01
7.110000000000000000e+02 2.500000000000000000e+01
7.310000000000000000e+02 1.400000000000000000e+01
7.420000000000000000e+02 1.000000000000000000e+01
7.610000000000000000e+02 1.000000000000000000e+01
7.680000000000000000e+02 8.000000000000000000e+00
7.770000000000000000e+02 7.000000000000000000e+00
7.800000000000000000e+02 6.000000000000000000e+00
7.830000000000000000e+02 6.000000000000000000e+00
7.840000000000000000e+02 5.000000000000000000e+00
7.860000000000000000e+02 2.000000000000000000e+00
7.860000000000000000e+02 1.000000000000000000e+00
