1.000000000000000000e+00 2.060300000000000000e+04
1.000000000000000000e+00 1.218700000000000000e+04
4.000000000000000000e+00 7.211000000000000000e+03
8.500000000000000000e+01 4.157000000000000000e+03
2.260000000000000000e+02 2.454000000000000000e+03
3.530000000000000000e+02 1.491000000000000000e+03
4.560000000000000000e+02 8.920000000000000000e+02
5.190000000000000000e+02 4.850000000000000000e+02
5.790000000000000000e+02 2.450000000000000000e+02
6.470000000000000000e+02 1.080000000000000000e+02
6.940000000000000000e+02 4.300000000000000000e+01
7.400000000000000000e+02 1.500000000000000000e+01
7.810000000000000000e+02 4.000000000000000000e+00
8.000000000000000000e+02 3.000000000000000000e+00
8.100000000000000000e+02 0.000000000000000000e+00
8.220000000000000000e+02 0.000000000000000000e+00
8.260000000000000000e+02 0.000000000000000000e+00
8.320000000000000000e+02 0.000000000000000000e+00
8.330000000000000000e+02 0.000000000000000000e+00
