1.000000000000000000e+00 3.689000000000000000e+03
1.500000000000000000e+01 2.120000000000000000e+03
8.200000000000000000e+01 1.244000000000000000e+03
2.050000000000000000e+02 7.210000000000000000e+02
3.440000000000000000e+02 4.200000000000000000e+02
4.750000000000000000e+02 2.510000000000000000e+02
5.540000000000000000e+02 1.420000000000000000e+02
6.280000000000000000e+02 8.400000000000000000e+01
6.710000000000000000e+02 5.300000000000000000e+01
7.010000000000000000e+02 3.600000000000000000e+01
7.320000000000000000e+02 2.500000000000000000e+01
7.490000000000000000e+02 1.800000000000000000e+01
7.630000000000000000e+02 1.100000000000000000e+01
7.720000000000000000e+02 6.000000000000000000e+00
7.850000000000000000e+02 4.000000000000000000e+00
7.870000000000000000e+02 2.000000000000000000e+00
7.880000000000000000e+02 1.000000000000000000e+00
7.960000000000000000e+02 1.000000000000000000e+00
7.960000000000000000e+02 1.000000000000000000e+00
