4.600000000000000000e+01 5.995000000000000000e+03
7.300000000000000000e+01 4.225000000000000000e+03
1.200000000000000000e+02 3.039000000000000000e+03
2.010000000000000000e+02 2.259000000000000000e+03
2.780000000000000000e+02 1.696000000000000000e+03
3.410000000000000000e+02 1.250000000000000000e+03
4.000000000000000000e+02 9.670000000000000000e+02
4.540000000000000000e+02 7.730000000000000000e+02
5.040000000000000000e+02 6.170000000000000000e+02
5.570000000000000000e+02 4.670000000000000000e+02
5.910000000000000000e+02 3.720000000000000000e+02
6.150000000000000000e+02 2.840000000000000000e+02
6.450000000000000000e+02 2.220000000000000000e+02
6.730000000000000000e+02 1.840000000000000000e+02
6.790000000000000000e+02 1.410000000000000000e+02
6.860000000000000000e+02 1.080000000000000000e+02
6.970000000000000000e+02 7.900000000000000000e+01
7.110000000000000000e+02 5.700000000000000000e+01
7.230000000000000000e+02 3.800000000000000000e+01
