4.800000000000000000e+01 5.995000000000000000e+03
9.300000000000000000e+01 4.397000000000000000e+03
1.680000000000000000e+02 3.451000000000000000e+03
2.270000000000000000e+02 2.760000000000000000e+03
2.680000000000000000e+02 2.184000000000000000e+03
2.990000000000000000e+02 1.721000000000000000e+03
3.530000000000000000e+02 1.396000000000000000e+03
3.990000000000000000e+02 1.165000000000000000e+03
4.330000000000000000e+02 9.940000000000000000e+02
4.720000000000000000e+02 8.260000000000000000e+02
5.030000000000000000e+02 7.050000000000000000e+02
5.410000000000000000e+02 6.110000000000000000e+02
5.570000000000000000e+02 5.080000000000000000e+02
5.820000000000000000e+02 4.350000000000000000e+02
6.010000000000000000e+02 3.570000000000000000e+02
6.150000000000000000e+02 2.860000000000000000e+02
6.320000000000000000e+02 2.190000000000000000e+02
6.530000000000000000e+02 1.760000000000000000e+02
6.650000000000000000e+02 1.440000000000000000e+02
