1.000000000000000000e+00 2.913600000000000000e+04
1.000000000000000000e+00 2.128200000000000000e+04
1.000000000000000000e+00 1.438100000000000000e+04
1.000000000000000000e+00 8.933000000000000000e+03
1.100000000000000000e+01 5.398000000000000000e+03
7.100000000000000000e+01 3.069000000000000000e+03
1.820000000000000000e+02 1.707000000000000000e+03
3.280000000000000000e+02 9.310000000000000000e+02
4.560000000000000000e+02 4.790000000000000000e+02
5.770000000000000000e+02 2.360000000000000000e+02
6.500000000000000000e+02 1.170000000000000000e+02
7.000000000000000000e+02 4.100000000000000000e+01
7.490000000000000000e+02 6.000000000000000000e+00
7.950000000000000000e+02 1.000000000000000000e+00
8.250000000000000000e+02 0.000000000000000000e+00
8.360000000000000000e+02 0.000000000000000000e+00
8.400000000000000000e+02 0.000000000000000000e+00
8.400000000000000000e+02 0.000000000000000000e+00
8.420000000000000000e+02 0.000000000000000000e+00
