1.000000000000000000e+00 1.374900000000000000e+04
1.000000000000000000e+00 9.579000000000000000e+03
2.000000000000000000e+00 5.785000000000000000e+03
1.700000000000000000e+01 3.227000000000000000e+03
1.100000000000000000e+02 1.722000000000000000e+03
2.820000000000000000e+02 8.740000000000000000e+02
4.450000000000000000e+02 4.420000000000000000e+02
5.640000000000000000e+02 2.020000000000000000e+02
6.620000000000000000e+02 8.200000000000000000e+01
7.200000000000000000e+02 3.300000000000000000e+01
7.580000000000000000e+02 4.000000000000000000e+00
7.800000000000000000e+02 0.000000000000000000e+00
7.960000000000000000e+02 0.000000000000000000e+00
8.100000000000000000e+02 0.000000000000000000e+00
8.140000000000000000e+02 0.000000000000000000e+00
8.150000000000000000e+02 0.000000000000000000e+00
8.170000000000000000e+02 0.000000000000000000e+00
8.170000000000000000e+02 0.000000000000000000e+00
8.180000000000000000e+02 0.000000000000000000e+00
