4.800000000000000000e+01 3.689000000000000000e+03
1.100000000000000000e+02 2.480000000000000000e+03
2.020000000000000000e+02 1.819000000000000000e+03
2.740000000000000000e+02 1.364000000000000000e+03
3.320000000000000000e+02 1.018000000000000000e+03
3.950000000000000000e+02 7.580000000000000000e+02
4.520000000000000000e+02 6.060000000000000000e+02
5.190000000000000000e+02 4.860000000000000000e+02
5.590000000000000000e+02 4.060000000000000000e+02
5.850000000000000000e+02 3.070000000000000000e+02
6.070000000000000000e+02 2.510000000000000000e+02
6.310000000000000000e+02 1.940000000000000000e+02
6.470000000000000000e+02 1.520000000000000000e+02
6.720000000000000000e+02 1.230000000000000000e+02
6.830000000000000000e+02 9.700000000000000000e+01
6.950000000000000000e+02 8.300000000000000000e+01
7.040000000000000000e+02 6.000000000000000000e+01
7.190000000000000000e+02 4.900000000000000000e+01
7.310000000000000000e+02 3.700000000000000000e+01
