6.800000000000000000e+01 3.115000000000000000e+03
1.250000000000000000e+02 1.772000000000000000e+03
2.960000000000000000e+02 1.004000000000000000e+03
4.360000000000000000e+02 5.440000000000000000e+02
5.340000000000000000e+02 3.250000000000000000e+02
5.900000000000000000e+02 2.060000000000000000e+02
6.510000000000000000e+02 1.130000000000000000e+02
7.000000000000000000e+02 6.600000000000000000e+01
7.290000000000000000e+02 4.700000000000000000e+01
7.520000000000000000e+02 3.500000000000000000e+01
7.710000000000000000e+02 2.400000000000000000e+01
7.750000000000000000e+02 1.600000000000000000e+01
7.790000000000000000e+02 1.500000000000000000e+01
7.810000000000000000e+02 1.100000000000000000e+01
7.830000000000000000e+02 8.000000000000000000e+00
7.860000000000000000e+02 6.000000000000000000e+00
7.870000000000000000e+02 3.000000000000000000e+00
7.890000000000000000e+02 2.000000000000000000e+00
7.920000000000000000e+02 2.000000000000000000e+00
