1.000000000000000000e+00 3.764000000000000000e+03
1.000000000000000000e+01 2.267000000000000000e+03
6.600000000000000000e+01 1.388000000000000000e+03
1.740000000000000000e+02 8.470000000000000000e+02
3.070000000000000000e+02 5.450000000000000000e+02
4.310000000000000000e+02 3.550000000000000000e+02
5.190000000000000000e+02 2.350000000000000000e+02
5.860000000000000000e+02 1.530000000000000000e+02
6.280000000000000000e+02 9.200000000000000000e+01
6.690000000000000000e+02 6.200000000000000000e+01
6.960000000000000000e+02 4.100000000000000000e+01
7.180000000000000000e+02 2.900000000000000000e+01
7.370000000000000000e+02 2.000000000000000000e+01
7.520000000000000000e+02 1.500000000000000000e+01
7.670000000000000000e+02 1.000000000000000000e+01
7.730000000000000000e+02 6.000000000000000000e+00
7.820000000000000000e+02 5.000000000000000000e+00
7.870000000000000000e+02 1.000000000000000000e+00
7.910000000000000000e+02 0.000000000000000000e+00
