2.000000000000000000e+00 3.897000000000000000e+03
7.400000000000000000e+01 2.427000000000000000e+03
1.210000000000000000e+02 1.475000000000000000e+03
2.130000000000000000e+02 8.430000000000000000e+02
3.520000000000000000e+02 4.540000000000000000e+02
4.830000000000000000e+02 2.360000000000000000e+02
5.850000000000000000e+02 1.320000000000000000e+02
6.500000000000000000e+02 7.100000000000000000e+01
6.990000000000000000e+02 3.700000000000000000e+01
7.350000000000000000e+02 1.400000000000000000e+01
7.610000000000000000e+02 5.000000000000000000e+00
7.780000000000000000e+02 1.000000000000000000e+00
7.860000000000000000e+02 1.000000000000000000e+00
7.910000000000000000e+02 0.000000000000000000e+00
7.980000000000000000e+02 0.000000000000000000e+00
8.000000000000000000e+02 0.000000000000000000e+00
8.010000000000000000e+02 0.000000000000000000e+00
8.010000000000000000e+02 0.000000000000000000e+00
8.010000000000000000e+02 0.000000000000000000e+00
