7.000000000000000000e+01 1.418000000000000000e+03
1.870000000000000000e+02 9.120000000000000000e+02
3.150000000000000000e+02 6.370000000000000000e+02
3.980000000000000000e+02 4.870000000000000000e+02
4.540000000000000000e+02 3.640000000000000000e+02
4.960000000000000000e+02 2.730000000000000000e+02
5.480000000000000000e+02 2.230000000000000000e+02
5.770000000000000000e+02 1.770000000000000000e+02
6.020000000000000000e+02 1.570000000000000000e+02
6.260000000000000000e+02 1.190000000000000000e+02
6.440000000000000000e+02 9.500000000000000000e+01
6.670000000000000000e+02 7.700000000000000000e+01
6.880000000000000000e+02 6.800000000000000000e+01
7.020000000000000000e+02 5.200000000000000000e+01
7.100000000000000000e+02 4.400000000000000000e+01
7.210000000000000000e+02 2.900000000000000000e+01
7.280000000000000000e+02 2.400000000000000000e+01
7.340000000000000000e+02 1.900000000000000000e+01
7.400000000000000000e+02 1.800000000000000000e+01
