1.000000000000000000e+00 1.314700000000000000e+04
1.000000000000000000e+00 8.546000000000000000e+03
8.000000000000000000e+00 5.126000000000000000e+03
4.300000000000000000e+01 3.079000000000000000e+03
1.650000000000000000e+02 1.818000000000000000e+03
3.160000000000000000e+02 1.109000000000000000e+03
4.600000000000000000e+02 7.060000000000000000e+02
5.580000000000000000e+02 4.040000000000000000e+02
6.220000000000000000e+02 2.210000000000000000e+02
6.740000000000000000e+02 1.030000000000000000e+02
7.150000000000000000e+02 5.100000000000000000e+01
7.450000000000000000e+02 2.000000000000000000e+01
7.670000000000000000e+02 8.000000000000000000e+00
7.900000000000000000e+02 2.000000000000000000e+00
7.980000000000000000e+02 0.000000000000000000e+00
8.060000000000000000e+02 0.000000000000000000e+00
8.100000000000000000e+02 0.000000000000000000e+00
8.120000000000000000e+02 0.000000000000000000e+00
8.130000000000000000e+02 0.000000000000000000e+00
