4.400000000000000000e+01 3.760000000000000000e+03
7.400000000000000000e+01 2.638000000000000000e+03
1.360000000000000000e+02 1.845000000000000000e+03
2.140000000000000000e+02 1.310000000000000000e+03
3.280000000000000000e+02 9.280000000000000000e+02
3.990000000000000000e+02 6.530000000000000000e+02
4.720000000000000000e+02 5.000000000000000000e+02
5.200000000000000000e+02 3.730000000000000000e+02
5.710000000000000000e+02 2.820000000000000000e+02
6.060000000000000000e+02 2.140000000000000000e+02
6.420000000000000000e+02 1.540000000000000000e+02
6.620000000000000000e+02 1.230000000000000000e+02
6.870000000000000000e+02 1.000000000000000000e+02
7.040000000000000000e+02 7.600000000000000000e+01
7.160000000000000000e+02 5.000000000000000000e+01
7.270000000000000000e+02 3.500000000000000000e+01
7.340000000000000000e+02 2.200000000000000000e+01
7.470000000000000000e+02 1.800000000000000000e+01
7.530000000000000000e+02 1.300000000000000000e+01
