1.000000000000000000e+00 1.204200000000000000e+04
2.000000000000000000e+00 6.944000000000000000e+03
2.400000000000000000e+01 4.087000000000000000e+03
1.350000000000000000e+02 2.348000000000000000e+03
3.140000000000000000e+02 1.460000000000000000e+03
4.620000000000000000e+02 9.730000000000000000e+02
5.590000000000000000e+02 6.490000000000000000e+02
6.140000000000000000e+02 4.200000000000000000e+02
6.450000000000000000e+02 2.560000000000000000e+02
6.830000000000000000e+02 1.420000000000000000e+02
7.170000000000000000e+02 7.700000000000000000e+01
7.460000000000000000e+02 3.700000000000000000e+01
7.660000000000000000e+02 1.400000000000000000e+01
7.810000000000000000e+02 8.000000000000000000e+00
7.930000000000000000e+02 2.000000000000000000e+00
8.020000000000000000e+02 1.000000000000000000e+00
8.090000000000000000e+02 0.000000000000000000e+00
8.100000000000000000e+02 0.000000000000000000e+00
8.120000000000000000e+02 0.000000000000000000e+00
