1.000000000000000000e+00 1.252300000000000000e+04
1.000000000000000000e+00 7.741000000000000000e+03
9.000000000000000000e+00 4.799000000000000000e+03
8.000000000000000000e+01 2.913000000000000000e+03
2.190000000000000000e+02 1.792000000000000000e+03
3.710000000000000000e+02 1.172000000000000000e+03
4.850000000000000000e+02 8.110000000000000000e+02
5.600000000000000000e+02 5.320000000000000000e+02
6.170000000000000000e+02 3.590000000000000000e+02
6.500000000000000000e+02 2.240000000000000000e+02
6.820000000000000000e+02 1.280000000000000000e+02
7.140000000000000000e+02 7.700000000000000000e+01
7.420000000000000000e+02 4.500000000000000000e+01
7.560000000000000000e+02 2.700000000000000000e+01
7.730000000000000000e+02 1.500000000000000000e+01
7.800000000000000000e+02 6.000000000000000000e+00
7.890000000000000000e+02 4.000000000000000000e+00
7.970000000000000000e+02 3.000000000000000000e+00
8.000000000000000000e+02 1.000000000000000000e+00
