3.500000000000000000e+01 6.882000000000000000e+03
7.100000000000000000e+01 5.618000000000000000e+03
7.300000000000000000e+01 4.639000000000000000e+03
7.700000000000000000e+01 3.766000000000000000e+03
9.200000000000000000e+01 3.018000000000000000e+03
1.230000000000000000e+02 2.408000000000000000e+03
1.770000000000000000e+02 1.952000000000000000e+03
2.290000000000000000e+02 1.571000000000000000e+03
2.740000000000000000e+02 1.292000000000000000e+03
3.250000000000000000e+02 1.039000000000000000e+03
3.750000000000000000e+02 8.270000000000000000e+02
4.260000000000000000e+02 6.750000000000000000e+02
4.650000000000000000e+02 5.370000000000000000e+02
4.970000000000000000e+02 4.320000000000000000e+02
5.240000000000000000e+02 3.340000000000000000e+02
5.560000000000000000e+02 2.520000000000000000e+02
5.750000000000000000e+02 1.960000000000000000e+02
5.980000000000000000e+02 1.530000000000000000e+02
6.230000000000000000e+02 1.260000000000000000e+02
