1.000000000000000000e+00 3.258200000000000000e+04
2.900000000000000000e+01 1.794200000000000000e+04
8.900000000000000000e+01 9.485000000000000000e+03
1.270000000000000000e+02 4.547000000000000000e+03
2.180000000000000000e+02 2.044000000000000000e+03
3.450000000000000000e+02 8.210000000000000000e+02
5.020000000000000000e+02 3.310000000000000000e+02
6.080000000000000000e+02 1.280000000000000000e+02
6.910000000000000000e+02 4.900000000000000000e+01
7.560000000000000000e+02 1.000000000000000000e+01
7.860000000000000000e+02 2.000000000000000000e+00
8.130000000000000000e+02 1.000000000000000000e+00
8.260000000000000000e+02 0.000000000000000000e+00
8.390000000000000000e+02 0.000000000000000000e+00
8.400000000000000000e+02 0.000000000000000000e+00
8.480000000000000000e+02 0.000000000000000000e+00
8.540000000000000000e+02 0.000000000000000000e+00
8.560000000000000000e+02 0.000000000000000000e+00
8.580000000000000000e+02 0.000000000000000000e+00
