1.000000000000000000e+00 8.149000000000000000e+03
2.000000000000000000e+00 5.067000000000000000e+03
4.400000000000000000e+01 2.849000000000000000e+03
1.760000000000000000e+02 1.670000000000000000e+03
3.540000000000000000e+02 1.040000000000000000e+03
4.690000000000000000e+02 6.450000000000000000e+02
5.640000000000000000e+02 4.260000000000000000e+02
6.190000000000000000e+02 2.680000000000000000e+02
6.500000000000000000e+02 1.510000000000000000e+02
6.880000000000000000e+02 9.200000000000000000e+01
7.190000000000000000e+02 5.300000000000000000e+01
7.470000000000000000e+02 3.300000000000000000e+01
7.590000000000000000e+02 1.400000000000000000e+01
7.700000000000000000e+02 5.000000000000000000e+00
7.770000000000000000e+02 4.000000000000000000e+00
7.860000000000000000e+02 1.000000000000000000e+00
7.950000000000000000e+02 1.000000000000000000e+00
7.990000000000000000e+02 0.000000000000000000e+00
8.030000000000000000e+02 0.000000000000000000e+00
