1.000000000000000000e+00 1.702200000000000000e+04
1.000000000000000000e+00 1.029000000000000000e+04
3.000000000000000000e+00 6.297000000000000000e+03
4.800000000000000000e+01 3.815000000000000000e+03
1.520000000000000000e+02 2.314000000000000000e+03
2.940000000000000000e+02 1.452000000000000000e+03
4.050000000000000000e+02 8.910000000000000000e+02
4.960000000000000000e+02 5.420000000000000000e+02
5.710000000000000000e+02 3.110000000000000000e+02
6.210000000000000000e+02 1.750000000000000000e+02
6.660000000000000000e+02 7.700000000000000000e+01
7.090000000000000000e+02 2.800000000000000000e+01
7.390000000000000000e+02 1.300000000000000000e+01
7.730000000000000000e+02 3.000000000000000000e+00
7.970000000000000000e+02 2.000000000000000000e+00
8.070000000000000000e+02 1.000000000000000000e+00
8.140000000000000000e+02 1.000000000000000000e+00
8.140000000000000000e+02 1.000000000000000000e+00
8.180000000000000000e+02 1.000000000000000000e+00
