1.000000000000000000e+00 8.133000000000000000e+03
2.000000000000000000e+00 5.057000000000000000e+03
4.400000000000000000e+01 2.840000000000000000e+03
1.760000000000000000e+02 1.653000000000000000e+03
3.570000000000000000e+02 1.025000000000000000e+03
4.760000000000000000e+02 6.370000000000000000e+02
5.580000000000000000e+02 4.200000000000000000e+02
6.200000000000000000e+02 2.640000000000000000e+02
6.520000000000000000e+02 1.450000000000000000e+02
6.920000000000000000e+02 8.700000000000000000e+01
7.210000000000000000e+02 5.100000000000000000e+01
7.470000000000000000e+02 3.100000000000000000e+01
7.580000000000000000e+02 1.300000000000000000e+01
7.720000000000000000e+02 5.000000000000000000e+00
7.810000000000000000e+02 3.000000000000000000e+00
7.870000000000000000e+02 1.000000000000000000e+00
7.960000000000000000e+02 0.000000000000000000e+00
8.010000000000000000e+02 0.000000000000000000e+00
8.040000000000000000e+02 0.000000000000000000e+00
