1.000000000000000000e+00 2.002400000000000000e+04
5.000000000000000000e+00 1.167400000000000000e+04
1.920000000000000000e+02 7.501000000000000000e+03
3.260000000000000000e+02 4.864000000000000000e+03
3.570000000000000000e+02 2.853000000000000000e+03
3.910000000000000000e+02 1.646000000000000000e+03
4.570000000000000000e+02 8.920000000000000000e+02
5.520000000000000000e+02 4.720000000000000000e+02
6.160000000000000000e+02 2.540000000000000000e+02
6.840000000000000000e+02 1.210000000000000000e+02
7.330000000000000000e+02 5.800000000000000000e+01
7.710000000000000000e+02 2.400000000000000000e+01
7.980000000000000000e+02 6.000000000000000000e+00
8.110000000000000000e+02 2.000000000000000000e+00
8.220000000000000000e+02 0.000000000000000000e+00
8.260000000000000000e+02 0.000000000000000000e+00
8.310000000000000000e+02 0.000000000000000000e+00
8.310000000000000000e+02 0.000000000000000000e+00
8.330000000000000000e+02 0.000000000000000000e+00
