1.000000000000000000e+00 1.435600000000000000e+04
3.600000000000000000e+01 3.276000000000000000e+03
5.120000000000000000e+02 9.160000000000000000e+02
7.370000000000000000e+02 5.760000000000000000e+02
7.650000000000000000e+02 4.410000000000000000e+02
7.670000000000000000e+02 3.260000000000000000e+02
7.670000000000000000e+02 2.420000000000000000e+02
7.700000000000000000e+02 1.580000000000000000e+02
7.770000000000000000e+02 1.070000000000000000e+02
7.800000000000000000e+02 8.000000000000000000e+01
7.810000000000000000e+02 4.300000000000000000e+01
7.860000000000000000e+02 2.100000000000000000e+01
8.010000000000000000e+02 5.000000000000000000e+00
8.150000000000000000e+02 1.000000000000000000e+00
8.240000000000000000e+02 0.000000000000000000e+00
8.310000000000000000e+02 0.000000000000000000e+00
8.320000000000000000e+02 0.000000000000000000e+00
8.340000000000000000e+02 0.000000000000000000e+00
8.340000000000000000e+02 0.000000000000000000e+00
