1.000000000000000000e+00 4.846600000000000000e+04
3.100000000000000000e+01 2.683300000000000000e+04
9.500000000000000000e+01 1.363700000000000000e+04
1.270000000000000000e+02 6.800000000000000000e+03
2.100000000000000000e+02 3.333000000000000000e+03
3.360000000000000000e+02 1.551000000000000000e+03
4.500000000000000000e+02 7.280000000000000000e+02
5.580000000000000000e+02 3.320000000000000000e+02
6.570000000000000000e+02 1.390000000000000000e+02
7.210000000000000000e+02 4.800000000000000000e+01
7.780000000000000000e+02 1.600000000000000000e+01
8.270000000000000000e+02 3.000000000000000000e+00
8.440000000000000000e+02 0.000000000000000000e+00
8.590000000000000000e+02 0.000000000000000000e+00
8.720000000000000000e+02 0.000000000000000000e+00
8.860000000000000000e+02 0.000000000000000000e+00
8.880000000000000000e+02 0.000000000000000000e+00
8.890000000000000000e+02 0.000000000000000000e+00
8.890000000000000000e+02 0.000000000000000000e+00
