4.700000000000000000e+01 1.625000000000000000e+04
7.700000000000000000e+01 1.130700000000000000e+04
8.500000000000000000e+01 7.950000000000000000e+03
1.080000000000000000e+02 5.502000000000000000e+03
1.740000000000000000e+02 3.796000000000000000e+03
2.700000000000000000e+02 2.627000000000000000e+03
3.320000000000000000e+02 1.858000000000000000e+03
3.990000000000000000e+02 1.325000000000000000e+03
4.670000000000000000e+02 9.620000000000000000e+02
5.320000000000000000e+02 6.920000000000000000e+02
5.710000000000000000e+02 4.790000000000000000e+02
6.140000000000000000e+02 3.310000000000000000e+02
6.460000000000000000e+02 2.270000000000000000e+02
6.700000000000000000e+02 1.420000000000000000e+02
6.870000000000000000e+02 8.700000000000000000e+01
7.120000000000000000e+02 4.100000000000000000e+01
7.300000000000000000e+02 2.400000000000000000e+01
7.420000000000000000e+02 1.300000000000000000e+01
7.600000000000000000e+02 4.000000000000000000e+00
