1.000000000000000000e+00 1.226100000000000000e+04
1.000000000000000000e+00 7.316000000000000000e+03
1.400000000000000000e+01 4.421000000000000000e+03
1.120000000000000000e+02 2.609000000000000000e+03
2.650000000000000000e+02 1.599000000000000000e+03
4.170000000000000000e+02 1.045000000000000000e+03
5.290000000000000000e+02 7.250000000000000000e+02
5.910000000000000000e+02 4.740000000000000000e+02
6.320000000000000000e+02 2.970000000000000000e+02
6.670000000000000000e+02 1.670000000000000000e+02
7.050000000000000000e+02 9.300000000000000000e+01
7.320000000000000000e+02 5.400000000000000000e+01
7.530000000000000000e+02 2.700000000000000000e+01
7.720000000000000000e+02 1.100000000000000000e+01
7.840000000000000000e+02 4.000000000000000000e+00
7.950000000000000000e+02 2.000000000000000000e+00
8.000000000000000000e+02 2.000000000000000000e+00
8.060000000000000000e+02 0.000000000000000000e+00
8.100000000000000000e+02 0.000000000000000000e+00
