1.000000000000000000e+00 1.373800000000000000e+04
4.000000000000000000e+00 5.779000000000000000e+03
1.140000000000000000e+02 2.368000000000000000e+03
3.860000000000000000e+02 1.014000000000000000e+03
5.580000000000000000e+02 4.930000000000000000e+02
6.570000000000000000e+02 2.770000000000000000e+02
7.170000000000000000e+02 1.540000000000000000e+02
7.560000000000000000e+02 8.300000000000000000e+01
7.720000000000000000e+02 4.700000000000000000e+01
7.820000000000000000e+02 1.700000000000000000e+01
7.920000000000000000e+02 6.000000000000000000e+00
8.020000000000000000e+02 2.000000000000000000e+00
8.090000000000000000e+02 1.000000000000000000e+00
8.150000000000000000e+02 0.000000000000000000e+00
8.180000000000000000e+02 0.000000000000000000e+00
8.230000000000000000e+02 0.000000000000000000e+00
8.230000000000000000e+02 0.000000000000000000e+00
8.250000000000000000e+02 0.000000000000000000e+00
8.260000000000000000e+02 0.000000000000000000e+00
