1.000000000000000000e+00 1.224300000000000000e+04
7.300000000000000000e+01 7.314000000000000000e+03
8.900000000000000000e+01 4.071000000000000000e+03
1.430000000000000000e+02 2.125000000000000000e+03
2.500000000000000000e+02 1.006000000000000000e+03
4.190000000000000000e+02 4.480000000000000000e+02
5.510000000000000000e+02 2.130000000000000000e+02
6.470000000000000000e+02 1.100000000000000000e+02
6.990000000000000000e+02 6.200000000000000000e+01
7.340000000000000000e+02 3.700000000000000000e+01
7.540000000000000000e+02 2.200000000000000000e+01
7.650000000000000000e+02 9.000000000000000000e+00
7.740000000000000000e+02 3.000000000000000000e+00
7.820000000000000000e+02 2.000000000000000000e+00
7.900000000000000000e+02 0.000000000000000000e+00
7.970000000000000000e+02 0.000000000000000000e+00
8.040000000000000000e+02 0.000000000000000000e+00
8.100000000000000000e+02 0.000000000000000000e+00
8.130000000000000000e+02 0.000000000000000000e+00
