1.000000000000000000e+00 1.397300000000000000e+04
1.000000000000000000e+00 1.000900000000000000e+04
1.000000000000000000e+00 6.303000000000000000e+03
9.000000000000000000e+00 3.541000000000000000e+03
7.500000000000000000e+01 1.948000000000000000e+03
2.260000000000000000e+02 9.940000000000000000e+02
4.000000000000000000e+02 4.990000000000000000e+02
5.310000000000000000e+02 2.310000000000000000e+02
6.280000000000000000e+02 9.600000000000000000e+01
7.030000000000000000e+02 3.400000000000000000e+01
7.510000000000000000e+02 6.000000000000000000e+00
7.750000000000000000e+02 0.000000000000000000e+00
7.940000000000000000e+02 0.000000000000000000e+00
8.080000000000000000e+02 0.000000000000000000e+00
8.130000000000000000e+02 0.000000000000000000e+00
8.150000000000000000e+02 0.000000000000000000e+00
8.160000000000000000e+02 0.000000000000000000e+00
8.180000000000000000e+02 0.000000000000000000e+00
8.180000000000000000e+02 0.000000000000000000e+00
