1.000000000000000000e+00 8.147000000000000000e+03
1.030000000000000000e+02 1.431000000000000000e+03
6.630000000000000000e+02 3.280000000000000000e+02
7.690000000000000000e+02 2.400000000000000000e+02
7.760000000000000000e+02 2.020000000000000000e+02
7.760000000000000000e+02 1.590000000000000000e+02
7.760000000000000000e+02 1.140000000000000000e+02
7.780000000000000000e+02 9.200000000000000000e+01
7.810000000000000000e+02 7.600000000000000000e+01
7.850000000000000000e+02 5.100000000000000000e+01
7.870000000000000000e+02 3.700000000000000000e+01
7.890000000000000000e+02 2.800000000000000000e+01
7.890000000000000000e+02 2.500000000000000000e+01
7.910000000000000000e+02 1.000000000000000000e+01
7.950000000000000000e+02 3.000000000000000000e+00
7.990000000000000000e+02 2.000000000000000000e+00
8.040000000000000000e+02 2.000000000000000000e+00
8.090000000000000000e+02 1.000000000000000000e+00
8.140000000000000000e+02 0.000000000000000000e+00
