1.000000000000000000e+00 8.463000000000000000e+03
6.100000000000000000e+01 1.812000000000000000e+03
5.660000000000000000e+02 3.830000000000000000e+02
7.550000000000000000e+02 2.190000000000000000e+02
7.740000000000000000e+02 1.810000000000000000e+02
7.760000000000000000e+02 1.230000000000000000e+02
7.770000000000000000e+02 8.900000000000000000e+01
7.780000000000000000e+02 6.000000000000000000e+01
7.820000000000000000e+02 3.900000000000000000e+01
7.880000000000000000e+02 2.300000000000000000e+01
7.930000000000000000e+02 1.300000000000000000e+01
7.990000000000000000e+02 4.000000000000000000e+00
8.020000000000000000e+02 1.000000000000000000e+00
8.050000000000000000e+02 1.000000000000000000e+00
8.110000000000000000e+02 1.000000000000000000e+00
8.130000000000000000e+02 0.000000000000000000e+00
8.150000000000000000e+02 0.000000000000000000e+00
8.170000000000000000e+02 0.000000000000000000e+00
8.180000000000000000e+02 0.000000000000000000e+00
