1.000000000000000000e+00 5.737000000000000000e+03
3.600000000000000000e+01 3.320000000000000000e+03
1.220000000000000000e+02 1.834000000000000000e+03
2.170000000000000000e+02 9.830000000000000000e+02
3.690000000000000000e+02 5.150000000000000000e+02
4.950000000000000000e+02 2.520000000000000000e+02
6.240000000000000000e+02 1.220000000000000000e+02
6.950000000000000000e+02 7.400000000000000000e+01
7.420000000000000000e+02 4.500000000000000000e+01
7.590000000000000000e+02 2.800000000000000000e+01
7.700000000000000000e+02 1.700000000000000000e+01
7.770000000000000000e+02 9.000000000000000000e+00
7.830000000000000000e+02 4.000000000000000000e+00
7.920000000000000000e+02 0.000000000000000000e+00
7.930000000000000000e+02 0.000000000000000000e+00
7.960000000000000000e+02 0.000000000000000000e+00
8.010000000000000000e+02 0.000000000000000000e+00
8.040000000000000000e+02 0.000000000000000000e+00
8.050000000000000000e+02 0.000000000000000000e+00
