1.000000000000000000e+00 1.805500000000000000e+04
7.000000000000000000e+01 1.285300000000000000e+04
7.600000000000000000e+01 9.104000000000000000e+03
8.400000000000000000e+01 6.148000000000000000e+03
1.030000000000000000e+02 3.926000000000000000e+03
1.430000000000000000e+02 2.369000000000000000e+03
2.070000000000000000e+02 1.352000000000000000e+03
3.000000000000000000e+02 7.320000000000000000e+02
4.140000000000000000e+02 3.870000000000000000e+02
4.880000000000000000e+02 1.890000000000000000e+02
5.660000000000000000e+02 7.700000000000000000e+01
6.430000000000000000e+02 3.400000000000000000e+01
6.950000000000000000e+02 1.100000000000000000e+01
7.380000000000000000e+02 1.000000000000000000e+00
7.750000000000000000e+02 0.000000000000000000e+00
7.960000000000000000e+02 0.000000000000000000e+00
8.050000000000000000e+02 0.000000000000000000e+00
8.120000000000000000e+02 0.000000000000000000e+00
8.190000000000000000e+02 0.000000000000000000e+00
