1.000000000000000000e+00 2.041100000000000000e+04
1.000000000000000000e+00 1.176500000000000000e+04
8.000000000000000000e+00 6.787000000000000000e+03
9.900000000000000000e+01 3.750000000000000000e+03
2.550000000000000000e+02 2.167000000000000000e+03
3.860000000000000000e+02 1.224000000000000000e+03
4.860000000000000000e+02 6.900000000000000000e+02
5.450000000000000000e+02 3.460000000000000000e+02
6.130000000000000000e+02 1.550000000000000000e+02
6.650000000000000000e+02 6.400000000000000000e+01
7.300000000000000000e+02 2.500000000000000000e+01
7.710000000000000000e+02 7.000000000000000000e+00
7.960000000000000000e+02 3.000000000000000000e+00
8.120000000000000000e+02 0.000000000000000000e+00
8.210000000000000000e+02 0.000000000000000000e+00
8.290000000000000000e+02 0.000000000000000000e+00
8.310000000000000000e+02 0.000000000000000000e+00
8.330000000000000000e+02 0.000000000000000000e+00
8.340000000000000000e+02 0.000000000000000000e+00
