2.000000000000000000e+00 1.279600000000000000e+04
7.100000000000000000e+01 8.934000000000000000e+03
7.900000000000000000e+01 6.089000000000000000e+03
9.800000000000000000e+01 3.954000000000000000e+03
1.640000000000000000e+02 2.469000000000000000e+03
2.530000000000000000e+02 1.476000000000000000e+03
3.460000000000000000e+02 8.460000000000000000e+02
4.430000000000000000e+02 5.230000000000000000e+02
5.040000000000000000e+02 2.950000000000000000e+02
5.710000000000000000e+02 1.490000000000000000e+02
6.070000000000000000e+02 7.800000000000000000e+01
6.580000000000000000e+02 4.400000000000000000e+01
6.860000000000000000e+02 1.800000000000000000e+01
7.160000000000000000e+02 8.000000000000000000e+00
7.490000000000000000e+02 0.000000000000000000e+00
7.700000000000000000e+02 0.000000000000000000e+00
7.880000000000000000e+02 0.000000000000000000e+00
7.970000000000000000e+02 0.000000000000000000e+00
8.000000000000000000e+02 0.000000000000000000e+00
