1.000000000000000000e+00 6.354000000000000000e+04
3.300000000000000000e+01 3.426200000000000000e+04
9.900000000000000000e+01 1.697300000000000000e+04
1.670000000000000000e+02 8.499000000000000000e+03
3.150000000000000000e+02 4.061000000000000000e+03
4.010000000000000000e+02 1.907000000000000000e+03
4.720000000000000000e+02 7.740000000000000000e+02
5.730000000000000000e+02 2.900000000000000000e+02
6.770000000000000000e+02 9.700000000000000000e+01
7.700000000000000000e+02 3.500000000000000000e+01
8.270000000000000000e+02 8.000000000000000000e+00
8.620000000000000000e+02 1.000000000000000000e+00
8.820000000000000000e+02 0.000000000000000000e+00
9.000000000000000000e+02 0.000000000000000000e+00
9.070000000000000000e+02 0.000000000000000000e+00
9.160000000000000000e+02 0.000000000000000000e+00
9.190000000000000000e+02 0.000000000000000000e+00
9.200000000000000000e+02 0.000000000000000000e+00
9.200000000000000000e+02 0.000000000000000000e+00
