1.000000000000000000e+00 2.880600000000000000e+04
1.000000000000000000e+00 2.080200000000000000e+04
1.000000000000000000e+00 1.373400000000000000e+04
1.000000000000000000e+00 8.515000000000000000e+03
1.700000000000000000e+01 5.209000000000000000e+03
8.200000000000000000e+01 3.014000000000000000e+03
2.050000000000000000e+02 1.690000000000000000e+03
3.420000000000000000e+02 9.740000000000000000e+02
4.650000000000000000e+02 4.880000000000000000e+02
5.690000000000000000e+02 2.570000000000000000e+02
6.470000000000000000e+02 1.240000000000000000e+02
7.020000000000000000e+02 5.100000000000000000e+01
7.420000000000000000e+02 1.500000000000000000e+01
7.840000000000000000e+02 4.000000000000000000e+00
8.130000000000000000e+02 0.000000000000000000e+00
8.280000000000000000e+02 0.000000000000000000e+00
8.350000000000000000e+02 0.000000000000000000e+00
8.410000000000000000e+02 0.000000000000000000e+00
8.410000000000000000e+02 0.000000000000000000e+00
