1.000000000000000000e+00 8.754000000000000000e+03
2.600000000000000000e+01 5.958000000000000000e+03
8.500000000000000000e+01 3.868000000000000000e+03
1.180000000000000000e+02 2.442000000000000000e+03
2.010000000000000000e+02 1.500000000000000000e+03
3.020000000000000000e+02 8.980000000000000000e+02
4.110000000000000000e+02 5.250000000000000000e+02
5.130000000000000000e+02 3.110000000000000000e+02
5.980000000000000000e+02 1.770000000000000000e+02
6.600000000000000000e+02 1.000000000000000000e+02
6.960000000000000000e+02 5.400000000000000000e+01
7.270000000000000000e+02 2.600000000000000000e+01
7.450000000000000000e+02 9.000000000000000000e+00
7.620000000000000000e+02 1.000000000000000000e+00
7.750000000000000000e+02 0.000000000000000000e+00
7.900000000000000000e+02 0.000000000000000000e+00
8.010000000000000000e+02 0.000000000000000000e+00
8.030000000000000000e+02 0.000000000000000000e+00
8.080000000000000000e+02 0.000000000000000000e+00
