1.000000000000000000e+00 2.384800000000000000e+04
1.000000000000000000e+00 1.318800000000000000e+04
6.000000000000000000e+00 7.432000000000000000e+03
7.800000000000000000e+01 3.985000000000000000e+03
2.200000000000000000e+02 2.220000000000000000e+03
3.590000000000000000e+02 1.217000000000000000e+03
4.770000000000000000e+02 6.480000000000000000e+02
5.770000000000000000e+02 3.440000000000000000e+02
6.530000000000000000e+02 1.670000000000000000e+02
7.120000000000000000e+02 6.900000000000000000e+01
7.480000000000000000e+02 3.600000000000000000e+01
7.880000000000000000e+02 1.600000000000000000e+01
8.060000000000000000e+02 1.200000000000000000e+01
8.120000000000000000e+02 9.000000000000000000e+00
8.140000000000000000e+02 6.000000000000000000e+00
8.210000000000000000e+02 4.000000000000000000e+00
8.240000000000000000e+02 2.000000000000000000e+00
8.310000000000000000e+02 0.000000000000000000e+00
8.340000000000000000e+02 0.000000000000000000e+00
