1.000000000000000000e+00 8.049000000000000000e+03
2.000000000000000000e+00 4.879000000000000000e+03
4.900000000000000000e+01 2.743000000000000000e+03
2.100000000000000000e+02 1.545000000000000000e+03
3.740000000000000000e+02 9.280000000000000000e+02
4.920000000000000000e+02 5.650000000000000000e+02
5.720000000000000000e+02 3.340000000000000000e+02
6.280000000000000000e+02 2.050000000000000000e+02
6.690000000000000000e+02 1.140000000000000000e+02
7.050000000000000000e+02 5.000000000000000000e+01
7.380000000000000000e+02 2.100000000000000000e+01
7.600000000000000000e+02 1.100000000000000000e+01
7.770000000000000000e+02 3.000000000000000000e+00
7.900000000000000000e+02 1.000000000000000000e+00
7.970000000000000000e+02 0.000000000000000000e+00
8.010000000000000000e+02 0.000000000000000000e+00
8.030000000000000000e+02 0.000000000000000000e+00
8.060000000000000000e+02 0.000000000000000000e+00
8.090000000000000000e+02 0.000000000000000000e+00
