1.000000000000000000e+00 2.393600000000000000e+04
1.000000000000000000e+00 1.333200000000000000e+04
4.000000000000000000e+00 7.580000000000000000e+03
7.700000000000000000e+01 4.100000000000000000e+03
2.170000000000000000e+02 2.311000000000000000e+03
3.510000000000000000e+02 1.267000000000000000e+03
4.650000000000000000e+02 6.820000000000000000e+02
5.630000000000000000e+02 3.530000000000000000e+02
6.450000000000000000e+02 1.750000000000000000e+02
7.070000000000000000e+02 7.700000000000000000e+01
7.430000000000000000e+02 3.700000000000000000e+01
7.840000000000000000e+02 1.600000000000000000e+01
8.040000000000000000e+02 1.300000000000000000e+01
8.110000000000000000e+02 1.100000000000000000e+01
8.150000000000000000e+02 7.000000000000000000e+00
8.200000000000000000e+02 5.000000000000000000e+00
8.240000000000000000e+02 2.000000000000000000e+00
8.300000000000000000e+02 0.000000000000000000e+00
8.340000000000000000e+02 0.000000000000000000e+00
