5.500000000000000000e+01 1.648500000000000000e+04
7.700000000000000000e+01 1.166800000000000000e+04
8.200000000000000000e+01 8.128000000000000000e+03
9.400000000000000000e+01 5.594000000000000000e+03
1.450000000000000000e+02 3.874000000000000000e+03
2.140000000000000000e+02 2.658000000000000000e+03
2.880000000000000000e+02 1.769000000000000000e+03
3.550000000000000000e+02 1.209000000000000000e+03
4.380000000000000000e+02 8.050000000000000000e+02
5.200000000000000000e+02 5.490000000000000000e+02
5.820000000000000000e+02 3.940000000000000000e+02
6.330000000000000000e+02 3.080000000000000000e+02
6.550000000000000000e+02 2.320000000000000000e+02
6.890000000000000000e+02 1.610000000000000000e+02
7.030000000000000000e+02 1.180000000000000000e+02
7.300000000000000000e+02 7.300000000000000000e+01
7.410000000000000000e+02 5.500000000000000000e+01
7.470000000000000000e+02 3.100000000000000000e+01
7.590000000000000000e+02 2.400000000000000000e+01
