1.000000000000000000e+00 1.511300000000000000e+04
1.000000000000000000e+00 7.740000000000000000e+03
3.400000000000000000e+01 4.080000000000000000e+03
1.800000000000000000e+02 2.110000000000000000e+03
3.640000000000000000e+02 1.186000000000000000e+03
4.890000000000000000e+02 6.660000000000000000e+02
5.650000000000000000e+02 3.540000000000000000e+02
6.410000000000000000e+02 1.950000000000000000e+02
6.980000000000000000e+02 9.000000000000000000e+01
7.370000000000000000e+02 3.700000000000000000e+01
7.700000000000000000e+02 1.600000000000000000e+01
7.880000000000000000e+02 6.000000000000000000e+00
8.030000000000000000e+02 3.000000000000000000e+00
8.090000000000000000e+02 2.000000000000000000e+00
8.160000000000000000e+02 1.000000000000000000e+00
8.160000000000000000e+02 1.000000000000000000e+00
8.180000000000000000e+02 1.000000000000000000e+00
8.190000000000000000e+02 1.000000000000000000e+00
8.200000000000000000e+02 0.000000000000000000e+00
