1.000000000000000000e+00 1.313400000000000000e+04
1.000000000000000000e+00 8.563000000000000000e+03
7.000000000000000000e+00 5.306000000000000000e+03
4.400000000000000000e+01 3.284000000000000000e+03
1.590000000000000000e+02 2.000000000000000000e+03
3.040000000000000000e+02 1.246000000000000000e+03
4.380000000000000000e+02 8.230000000000000000e+02
5.320000000000000000e+02 5.320000000000000000e+02
6.020000000000000000e+02 3.130000000000000000e+02
6.510000000000000000e+02 1.840000000000000000e+02
6.820000000000000000e+02 8.600000000000000000e+01
7.170000000000000000e+02 4.500000000000000000e+01
7.480000000000000000e+02 1.900000000000000000e+01
7.700000000000000000e+02 9.000000000000000000e+00
7.890000000000000000e+02 0.000000000000000000e+00
7.990000000000000000e+02 0.000000000000000000e+00
8.050000000000000000e+02 0.000000000000000000e+00
8.080000000000000000e+02 0.000000000000000000e+00
8.120000000000000000e+02 0.000000000000000000e+00
