1.000000000000000000e+00 2.071000000000000000e+04
1.000000000000000000e+00 1.244200000000000000e+04
3.000000000000000000e+00 7.465000000000000000e+03
7.600000000000000000e+01 4.359000000000000000e+03
2.140000000000000000e+02 2.605000000000000000e+03
3.330000000000000000e+02 1.626000000000000000e+03
4.400000000000000000e+02 9.930000000000000000e+02
5.030000000000000000e+02 5.690000000000000000e+02
5.660000000000000000e+02 3.010000000000000000e+02
6.280000000000000000e+02 1.360000000000000000e+02
6.790000000000000000e+02 6.400000000000000000e+01
7.210000000000000000e+02 1.700000000000000000e+01
7.660000000000000000e+02 6.000000000000000000e+00
7.920000000000000000e+02 4.000000000000000000e+00
8.070000000000000000e+02 1.000000000000000000e+00
8.150000000000000000e+02 0.000000000000000000e+00
8.240000000000000000e+02 0.000000000000000000e+00
8.280000000000000000e+02 0.000000000000000000e+00
8.330000000000000000e+02 0.000000000000000000e+00
