1.000000000000000000e+00 3.443600000000000000e+04
7.400000000000000000e+01 2.256200000000000000e+04
8.000000000000000000e+01 1.476000000000000000e+04
9.500000000000000000e+01 9.099000000000000000e+03
1.180000000000000000e+02 5.439000000000000000e+03
1.700000000000000000e+02 3.066000000000000000e+03
2.340000000000000000e+02 1.683000000000000000e+03
3.360000000000000000e+02 9.150000000000000000e+02
4.140000000000000000e+02 4.870000000000000000e+02
5.080000000000000000e+02 2.470000000000000000e+02
5.830000000000000000e+02 1.160000000000000000e+02
6.550000000000000000e+02 5.600000000000000000e+01
7.000000000000000000e+02 2.700000000000000000e+01
7.290000000000000000e+02 9.000000000000000000e+00
7.620000000000000000e+02 3.000000000000000000e+00
7.890000000000000000e+02 0.000000000000000000e+00
8.100000000000000000e+02 0.000000000000000000e+00
8.180000000000000000e+02 0.000000000000000000e+00
8.390000000000000000e+02 0.000000000000000000e+00
