1.000000000000000000e+00 1.986300000000000000e+04
4.000000000000000000e+00 1.106600000000000000e+04
1.370000000000000000e+02 6.370000000000000000e+03
2.700000000000000000e+02 3.578000000000000000e+03
3.610000000000000000e+02 1.974000000000000000e+03
4.560000000000000000e+02 1.061000000000000000e+03
5.410000000000000000e+02 5.750000000000000000e+02
6.150000000000000000e+02 3.010000000000000000e+02
6.780000000000000000e+02 1.630000000000000000e+02
7.170000000000000000e+02 7.100000000000000000e+01
7.600000000000000000e+02 2.800000000000000000e+01
7.930000000000000000e+02 1.400000000000000000e+01
8.070000000000000000e+02 5.000000000000000000e+00
8.180000000000000000e+02 0.000000000000000000e+00
8.240000000000000000e+02 0.000000000000000000e+00
8.270000000000000000e+02 0.000000000000000000e+00
8.280000000000000000e+02 0.000000000000000000e+00
8.320000000000000000e+02 0.000000000000000000e+00
8.340000000000000000e+02 0.000000000000000000e+00
