1.000000000000000000e+00 7.928000000000000000e+03
2.600000000000000000e+01 4.774000000000000000e+03
1.870000000000000000e+02 3.048000000000000000e+03
2.950000000000000000e+02 2.000000000000000000e+03
3.580000000000000000e+02 1.254000000000000000e+03
4.250000000000000000e+02 7.620000000000000000e+02
5.030000000000000000e+02 4.370000000000000000e+02
5.760000000000000000e+02 2.460000000000000000e+02
6.300000000000000000e+02 1.400000000000000000e+02
6.850000000000000000e+02 6.900000000000000000e+01
7.190000000000000000e+02 3.000000000000000000e+01
7.490000000000000000e+02 1.100000000000000000e+01
7.700000000000000000e+02 3.000000000000000000e+00
7.860000000000000000e+02 1.000000000000000000e+00
7.960000000000000000e+02 0.000000000000000000e+00
8.030000000000000000e+02 0.000000000000000000e+00
8.060000000000000000e+02 0.000000000000000000e+00
8.090000000000000000e+02 0.000000000000000000e+00
8.100000000000000000e+02 0.000000000000000000e+00
