1.000000000000000000e+00 1.341800000000000000e+04
4.000000000000000000e+01 9.052000000000000000e+03
7.300000000000000000e+01 6.087000000000000000e+03
1.010000000000000000e+02 3.930000000000000000e+03
1.490000000000000000e+02 2.469000000000000000e+03
2.430000000000000000e+02 1.488000000000000000e+03
3.400000000000000000e+02 8.690000000000000000e+02
4.290000000000000000e+02 5.100000000000000000e+02
5.120000000000000000e+02 3.220000000000000000e+02
5.700000000000000000e+02 1.830000000000000000e+02
6.230000000000000000e+02 1.020000000000000000e+02
6.760000000000000000e+02 4.800000000000000000e+01
7.070000000000000000e+02 2.000000000000000000e+01
7.380000000000000000e+02 4.000000000000000000e+00
7.660000000000000000e+02 1.000000000000000000e+00
7.800000000000000000e+02 1.000000000000000000e+00
7.970000000000000000e+02 0.000000000000000000e+00
8.030000000000000000e+02 0.000000000000000000e+00
8.110000000000000000e+02 0.000000000000000000e+00
