1.000000000000000000e+00 3.883000000000000000e+03
6.300000000000000000e+01 2.402000000000000000e+03
1.240000000000000000e+02 1.434000000000000000e+03
2.060000000000000000e+02 8.100000000000000000e+02
3.270000000000000000e+02 4.210000000000000000e+02
4.670000000000000000e+02 2.270000000000000000e+02
5.790000000000000000e+02 1.270000000000000000e+02
6.570000000000000000e+02 7.000000000000000000e+01
7.030000000000000000e+02 4.800000000000000000e+01
7.340000000000000000e+02 3.100000000000000000e+01
7.580000000000000000e+02 1.900000000000000000e+01
7.680000000000000000e+02 1.300000000000000000e+01
7.780000000000000000e+02 9.000000000000000000e+00
7.800000000000000000e+02 3.000000000000000000e+00
7.830000000000000000e+02 2.000000000000000000e+00
7.870000000000000000e+02 0.000000000000000000e+00
7.930000000000000000e+02 0.000000000000000000e+00
7.950000000000000000e+02 0.000000000000000000e+00
7.960000000000000000e+02 0.000000000000000000e+00
