1.000000000000000000e+00 2.002500000000000000e+04
1.000000000000000000e+00 1.120600000000000000e+04
1.800000000000000000e+01 6.060000000000000000e+03
1.400000000000000000e+02 3.223000000000000000e+03
2.880000000000000000e+02 1.788000000000000000e+03
4.230000000000000000e+02 9.550000000000000000e+02
5.170000000000000000e+02 4.920000000000000000e+02
5.920000000000000000e+02 2.250000000000000000e+02
6.560000000000000000e+02 9.400000000000000000e+01
7.170000000000000000e+02 3.500000000000000000e+01
7.650000000000000000e+02 9.000000000000000000e+00
7.940000000000000000e+02 5.000000000000000000e+00
8.090000000000000000e+02 1.000000000000000000e+00
8.160000000000000000e+02 0.000000000000000000e+00
8.260000000000000000e+02 0.000000000000000000e+00
8.300000000000000000e+02 0.000000000000000000e+00
8.320000000000000000e+02 0.000000000000000000e+00
8.340000000000000000e+02 0.000000000000000000e+00
8.340000000000000000e+02 0.000000000000000000e+00
