1.000000000000000000e+00 1.333400000000000000e+04
1.000000000000000000e+00 8.742000000000000000e+03
6.000000000000000000e+00 4.991000000000000000e+03
4.600000000000000000e+01 2.816000000000000000e+03
1.620000000000000000e+02 1.554000000000000000e+03
3.430000000000000000e+02 8.350000000000000000e+02
4.860000000000000000e+02 4.280000000000000000e+02
6.000000000000000000e+02 1.990000000000000000e+02
6.710000000000000000e+02 9.200000000000000000e+01
7.170000000000000000e+02 3.200000000000000000e+01
7.590000000000000000e+02 7.000000000000000000e+00
7.800000000000000000e+02 2.000000000000000000e+00
7.940000000000000000e+02 0.000000000000000000e+00
8.080000000000000000e+02 0.000000000000000000e+00
8.100000000000000000e+02 0.000000000000000000e+00
8.140000000000000000e+02 0.000000000000000000e+00
8.150000000000000000e+02 0.000000000000000000e+00
8.160000000000000000e+02 0.000000000000000000e+00
8.160000000000000000e+02 0.000000000000000000e+00
