1.000000000000000000e+00 3.706000000000000000e+03
1.700000000000000000e+01 2.118000000000000000e+03
8.800000000000000000e+01 1.247000000000000000e+03
2.080000000000000000e+02 7.250000000000000000e+02
3.480000000000000000e+02 4.220000000000000000e+02
4.720000000000000000e+02 2.480000000000000000e+02
5.550000000000000000e+02 1.440000000000000000e+02
6.290000000000000000e+02 8.200000000000000000e+01
6.710000000000000000e+02 5.300000000000000000e+01
7.020000000000000000e+02 3.700000000000000000e+01
7.340000000000000000e+02 2.400000000000000000e+01
7.510000000000000000e+02 1.500000000000000000e+01
7.630000000000000000e+02 1.000000000000000000e+01
7.720000000000000000e+02 4.000000000000000000e+00
7.850000000000000000e+02 3.000000000000000000e+00
7.870000000000000000e+02 2.000000000000000000e+00
7.900000000000000000e+02 1.000000000000000000e+00
7.960000000000000000e+02 1.000000000000000000e+00
7.960000000000000000e+02 1.000000000000000000e+00
