1.000000000000000000e+00 1.979900000000000000e+04
3.000000000000000000e+00 1.094200000000000000e+04
1.240000000000000000e+02 6.068000000000000000e+03
2.600000000000000000e+02 3.332000000000000000e+03
3.660000000000000000e+02 1.802000000000000000e+03
4.720000000000000000e+02 9.820000000000000000e+02
5.560000000000000000e+02 5.180000000000000000e+02
6.270000000000000000e+02 2.750000000000000000e+02
6.860000000000000000e+02 1.380000000000000000e+02
7.250000000000000000e+02 5.800000000000000000e+01
7.680000000000000000e+02 2.300000000000000000e+01
7.970000000000000000e+02 1.300000000000000000e+01
8.090000000000000000e+02 3.000000000000000000e+00
8.190000000000000000e+02 0.000000000000000000e+00
8.250000000000000000e+02 0.000000000000000000e+00
8.260000000000000000e+02 0.000000000000000000e+00
8.280000000000000000e+02 0.000000000000000000e+00
8.310000000000000000e+02 0.000000000000000000e+00
8.340000000000000000e+02 0.000000000000000000e+00
