1.000000000000000000e+00 9.003000000000000000e+03
6.900000000000000000e+01 6.724000000000000000e+03
7.500000000000000000e+01 4.950000000000000000e+03
8.300000000000000000e+01 3.555000000000000000e+03
1.060000000000000000e+02 2.426000000000000000e+03
1.800000000000000000e+02 1.591000000000000000e+03
2.640000000000000000e+02 1.038000000000000000e+03
3.600000000000000000e+02 6.800000000000000000e+02
4.300000000000000000e+02 4.340000000000000000e+02
4.930000000000000000e+02 2.840000000000000000e+02
5.550000000000000000e+02 1.780000000000000000e+02
6.130000000000000000e+02 1.080000000000000000e+02
6.560000000000000000e+02 5.700000000000000000e+01
6.840000000000000000e+02 2.700000000000000000e+01
7.200000000000000000e+02 1.300000000000000000e+01
7.410000000000000000e+02 8.000000000000000000e+00
7.550000000000000000e+02 6.000000000000000000e+00
7.610000000000000000e+02 2.000000000000000000e+00
7.710000000000000000e+02 1.000000000000000000e+00
