1.000000000000000000e+00 3.320700000000000000e+04
7.300000000000000000e+01 1.947600000000000000e+04
8.800000000000000000e+01 1.111700000000000000e+04
1.070000000000000000e+02 5.735000000000000000e+03
1.700000000000000000e+02 2.770000000000000000e+03
2.640000000000000000e+02 1.248000000000000000e+03
3.980000000000000000e+02 5.600000000000000000e+02
5.140000000000000000e+02 2.360000000000000000e+02
6.120000000000000000e+02 9.400000000000000000e+01
6.790000000000000000e+02 3.700000000000000000e+01
7.300000000000000000e+02 1.200000000000000000e+01
7.680000000000000000e+02 4.000000000000000000e+00
7.940000000000000000e+02 1.000000000000000000e+00
8.140000000000000000e+02 0.000000000000000000e+00
8.290000000000000000e+02 0.000000000000000000e+00
8.350000000000000000e+02 0.000000000000000000e+00
8.440000000000000000e+02 0.000000000000000000e+00
8.500000000000000000e+02 0.000000000000000000e+00
8.520000000000000000e+02 0.000000000000000000e+00
