1.000000000000000000e+00 1.975000000000000000e+04
1.000000000000000000e+00 1.075300000000000000e+04
3.900000000000000000e+01 5.586000000000000000e+03
1.870000000000000000e+02 2.874000000000000000e+03
3.260000000000000000e+02 1.532000000000000000e+03
4.600000000000000000e+02 8.260000000000000000e+02
5.680000000000000000e+02 4.090000000000000000e+02
6.450000000000000000e+02 2.030000000000000000e+02
6.990000000000000000e+02 9.100000000000000000e+01
7.430000000000000000e+02 3.700000000000000000e+01
7.770000000000000000e+02 1.600000000000000000e+01
7.970000000000000000e+02 6.000000000000000000e+00
8.090000000000000000e+02 2.000000000000000000e+00
8.180000000000000000e+02 0.000000000000000000e+00
8.230000000000000000e+02 0.000000000000000000e+00
8.250000000000000000e+02 0.000000000000000000e+00
8.260000000000000000e+02 0.000000000000000000e+00
8.280000000000000000e+02 0.000000000000000000e+00
8.330000000000000000e+02 0.000000000000000000e+00
