1.000000000000000000e+00 1.606100000000000000e+04
4.000000000000000000e+01 9.278000000000000000e+03
1.210000000000000000e+02 5.347000000000000000e+03
3.040000000000000000e+02 3.177000000000000000e+03
4.770000000000000000e+02 2.058000000000000000e+03
5.320000000000000000e+02 1.379000000000000000e+03
5.670000000000000000e+02 8.780000000000000000e+02
5.990000000000000000e+02 4.980000000000000000e+02
6.410000000000000000e+02 2.820000000000000000e+02
6.750000000000000000e+02 1.430000000000000000e+02
7.110000000000000000e+02 7.200000000000000000e+01
7.380000000000000000e+02 3.000000000000000000e+01
7.650000000000000000e+02 1.200000000000000000e+01
7.850000000000000000e+02 4.000000000000000000e+00
8.010000000000000000e+02 1.000000000000000000e+00
8.140000000000000000e+02 0.000000000000000000e+00
8.210000000000000000e+02 0.000000000000000000e+00
8.260000000000000000e+02 0.000000000000000000e+00
8.260000000000000000e+02 0.000000000000000000e+00
