6.600000000000000000e+01 3.127000000000000000e+03
1.420000000000000000e+02 1.800000000000000000e+03
2.880000000000000000e+02 1.090000000000000000e+03
3.980000000000000000e+02 7.050000000000000000e+02
4.830000000000000000e+02 4.260000000000000000e+02
5.470000000000000000e+02 2.560000000000000000e+02
5.900000000000000000e+02 1.510000000000000000e+02
6.480000000000000000e+02 8.500000000000000000e+01
6.880000000000000000e+02 5.400000000000000000e+01
7.280000000000000000e+02 3.100000000000000000e+01
7.490000000000000000e+02 2.600000000000000000e+01
7.640000000000000000e+02 2.000000000000000000e+01
7.710000000000000000e+02 1.800000000000000000e+01
7.790000000000000000e+02 1.800000000000000000e+01
7.820000000000000000e+02 1.500000000000000000e+01
7.830000000000000000e+02 1.500000000000000000e+01
7.870000000000000000e+02 9.000000000000000000e+00
7.870000000000000000e+02 8.000000000000000000e+00
7.890000000000000000e+02 6.000000000000000000e+00
