1.000000000000000000e+00 3.641000000000000000e+03
2.600000000000000000e+01 2.177000000000000000e+03
1.110000000000000000e+02 1.275000000000000000e+03
2.410000000000000000e+02 7.250000000000000000e+02
3.620000000000000000e+02 4.360000000000000000e+02
4.750000000000000000e+02 2.400000000000000000e+02
5.710000000000000000e+02 1.290000000000000000e+02
6.310000000000000000e+02 8.200000000000000000e+01
6.760000000000000000e+02 4.600000000000000000e+01
7.190000000000000000e+02 2.100000000000000000e+01
7.390000000000000000e+02 1.400000000000000000e+01
7.580000000000000000e+02 1.000000000000000000e+01
7.710000000000000000e+02 6.000000000000000000e+00
7.830000000000000000e+02 2.000000000000000000e+00
7.880000000000000000e+02 1.000000000000000000e+00
7.940000000000000000e+02 1.000000000000000000e+00
7.950000000000000000e+02 1.000000000000000000e+00
7.970000000000000000e+02 0.000000000000000000e+00
7.980000000000000000e+02 0.000000000000000000e+00
