1.000000000000000000e+00 4.528500000000000000e+04
2.800000000000000000e+01 2.233500000000000000e+04
1.100000000000000000e+02 9.769000000000000000e+03
1.990000000000000000e+02 4.204000000000000000e+03
3.540000000000000000e+02 1.821000000000000000e+03
4.980000000000000000e+02 7.680000000000000000e+02
5.920000000000000000e+02 2.960000000000000000e+02
6.810000000000000000e+02 8.800000000000000000e+01
7.520000000000000000e+02 3.200000000000000000e+01
8.040000000000000000e+02 1.200000000000000000e+01
8.300000000000000000e+02 3.000000000000000000e+00
8.530000000000000000e+02 0.000000000000000000e+00
8.690000000000000000e+02 0.000000000000000000e+00
8.760000000000000000e+02 0.000000000000000000e+00
8.840000000000000000e+02 0.000000000000000000e+00
8.860000000000000000e+02 0.000000000000000000e+00
8.880000000000000000e+02 0.000000000000000000e+00
8.900000000000000000e+02 0.000000000000000000e+00
8.900000000000000000e+02 0.000000000000000000e+00
