1.000000000000000000e+00 8.350000000000000000e+03
7.300000000000000000e+01 5.413000000000000000e+03
8.400000000000000000e+01 3.445000000000000000e+03
1.260000000000000000e+02 1.933000000000000000e+03
2.300000000000000000e+02 1.063000000000000000e+03
3.580000000000000000e+02 5.540000000000000000e+02
4.780000000000000000e+02 2.990000000000000000e+02
5.940000000000000000e+02 1.610000000000000000e+02
6.610000000000000000e+02 8.900000000000000000e+01
6.950000000000000000e+02 4.600000000000000000e+01
7.220000000000000000e+02 2.400000000000000000e+01
7.430000000000000000e+02 1.700000000000000000e+01
7.560000000000000000e+02 8.000000000000000000e+00
7.740000000000000000e+02 1.000000000000000000e+00
7.830000000000000000e+02 1.000000000000000000e+00
7.950000000000000000e+02 0.000000000000000000e+00
8.000000000000000000e+02 0.000000000000000000e+00
8.030000000000000000e+02 0.000000000000000000e+00
8.070000000000000000e+02 0.000000000000000000e+00
