1.000000000000000000e+00 3.658000000000000000e+03
2.500000000000000000e+01 2.164000000000000000e+03
1.060000000000000000e+02 1.279000000000000000e+03
2.360000000000000000e+02 7.350000000000000000e+02
3.530000000000000000e+02 4.470000000000000000e+02
4.690000000000000000e+02 2.420000000000000000e+02
5.660000000000000000e+02 1.330000000000000000e+02
6.250000000000000000e+02 8.100000000000000000e+01
6.710000000000000000e+02 5.100000000000000000e+01
7.140000000000000000e+02 2.500000000000000000e+01
7.370000000000000000e+02 1.500000000000000000e+01
7.550000000000000000e+02 1.000000000000000000e+01
7.690000000000000000e+02 7.000000000000000000e+00
7.800000000000000000e+02 3.000000000000000000e+00
7.860000000000000000e+02 1.000000000000000000e+00
7.940000000000000000e+02 1.000000000000000000e+00
7.950000000000000000e+02 1.000000000000000000e+00
7.960000000000000000e+02 0.000000000000000000e+00
7.980000000000000000e+02 0.000000000000000000e+00
