1.000000000000000000e+00 1.749900000000000000e+04
7.000000000000000000e+01 1.114500000000000000e+04
7.900000000000000000e+01 6.940000000000000000e+03
1.060000000000000000e+02 4.005000000000000000e+03
1.710000000000000000e+02 2.160000000000000000e+03
2.690000000000000000e+02 1.046000000000000000e+03
4.030000000000000000e+02 5.060000000000000000e+02
4.970000000000000000e+02 2.570000000000000000e+02
5.760000000000000000e+02 1.050000000000000000e+02
6.510000000000000000e+02 4.700000000000000000e+01
7.000000000000000000e+02 1.500000000000000000e+01
7.350000000000000000e+02 4.000000000000000000e+00
7.610000000000000000e+02 1.000000000000000000e+00
7.790000000000000000e+02 0.000000000000000000e+00
7.920000000000000000e+02 0.000000000000000000e+00
7.990000000000000000e+02 0.000000000000000000e+00
8.110000000000000000e+02 0.000000000000000000e+00
8.160000000000000000e+02 0.000000000000000000e+00
8.190000000000000000e+02 0.000000000000000000e+00
