1.000000000000000000e+00 5.119400000000000000e+04
5.900000000000000000e+01 3.077000000000000000e+04
8.500000000000000000e+01 1.838200000000000000e+04
1.030000000000000000e+02 1.018300000000000000e+04
1.350000000000000000e+02 5.323000000000000000e+03
2.010000000000000000e+02 2.584000000000000000e+03
3.030000000000000000e+02 1.209000000000000000e+03
4.330000000000000000e+02 5.190000000000000000e+02
5.330000000000000000e+02 2.160000000000000000e+02
6.350000000000000000e+02 8.400000000000000000e+01
7.200000000000000000e+02 3.600000000000000000e+01
7.740000000000000000e+02 1.400000000000000000e+01
8.140000000000000000e+02 6.000000000000000000e+00
8.430000000000000000e+02 3.000000000000000000e+00
8.570000000000000000e+02 0.000000000000000000e+00
8.700000000000000000e+02 0.000000000000000000e+00
8.810000000000000000e+02 0.000000000000000000e+00
8.860000000000000000e+02 0.000000000000000000e+00
8.880000000000000000e+02 0.000000000000000000e+00
