1.300000000000000000e+01 1.669000000000000000e+03
9.600000000000000000e+01 1.137000000000000000e+03
1.770000000000000000e+02 7.640000000000000000e+02
2.820000000000000000e+02 5.280000000000000000e+02
4.010000000000000000e+02 3.770000000000000000e+02
4.820000000000000000e+02 2.780000000000000000e+02
5.450000000000000000e+02 1.890000000000000000e+02
6.020000000000000000e+02 1.290000000000000000e+02
6.370000000000000000e+02 8.800000000000000000e+01
6.710000000000000000e+02 5.600000000000000000e+01
6.980000000000000000e+02 3.000000000000000000e+01
7.230000000000000000e+02 1.300000000000000000e+01
7.390000000000000000e+02 6.000000000000000000e+00
7.560000000000000000e+02 1.000000000000000000e+00
7.690000000000000000e+02 0.000000000000000000e+00
7.770000000000000000e+02 0.000000000000000000e+00
7.830000000000000000e+02 0.000000000000000000e+00
7.890000000000000000e+02 0.000000000000000000e+00
7.900000000000000000e+02 0.000000000000000000e+00
