4.000000000000000000e+01 1.687000000000000000e+03
9.800000000000000000e+01 1.207000000000000000e+03
1.570000000000000000e+02 8.570000000000000000e+02
2.540000000000000000e+02 5.800000000000000000e+02
3.250000000000000000e+02 4.020000000000000000e+02
4.120000000000000000e+02 2.900000000000000000e+02
4.700000000000000000e+02 2.000000000000000000e+02
5.180000000000000000e+02 1.440000000000000000e+02
5.660000000000000000e+02 1.090000000000000000e+02
6.030000000000000000e+02 8.400000000000000000e+01
6.380000000000000000e+02 6.000000000000000000e+01
6.730000000000000000e+02 4.400000000000000000e+01
6.910000000000000000e+02 2.900000000000000000e+01
7.050000000000000000e+02 2.000000000000000000e+01
7.240000000000000000e+02 1.300000000000000000e+01
7.350000000000000000e+02 1.100000000000000000e+01
7.420000000000000000e+02 1.000000000000000000e+01
7.490000000000000000e+02 4.000000000000000000e+00
7.540000000000000000e+02 1.000000000000000000e+00
