1.000000000000000000e+00 2.061900000000000000e+04
1.000000000000000000e+00 1.213200000000000000e+04
5.000000000000000000e+00 7.169000000000000000e+03
8.800000000000000000e+01 4.107000000000000000e+03
2.320000000000000000e+02 2.411000000000000000e+03
3.590000000000000000e+02 1.446000000000000000e+03
4.600000000000000000e+02 8.720000000000000000e+02
5.230000000000000000e+02 4.720000000000000000e+02
5.810000000000000000e+02 2.330000000000000000e+02
6.480000000000000000e+02 1.040000000000000000e+02
6.950000000000000000e+02 3.900000000000000000e+01
7.430000000000000000e+02 1.200000000000000000e+01
7.840000000000000000e+02 4.000000000000000000e+00
8.010000000000000000e+02 3.000000000000000000e+00
8.120000000000000000e+02 0.000000000000000000e+00
8.220000000000000000e+02 0.000000000000000000e+00
8.260000000000000000e+02 0.000000000000000000e+00
8.320000000000000000e+02 0.000000000000000000e+00
8.330000000000000000e+02 0.000000000000000000e+00
