1.000000000000000000e+00 1.255400000000000000e+04
1.000000000000000000e+00 7.797000000000000000e+03
8.000000000000000000e+00 4.833000000000000000e+03
7.500000000000000000e+01 2.946000000000000000e+03
2.080000000000000000e+02 1.811000000000000000e+03
3.630000000000000000e+02 1.185000000000000000e+03
4.780000000000000000e+02 8.220000000000000000e+02
5.560000000000000000e+02 5.390000000000000000e+02
6.140000000000000000e+02 3.620000000000000000e+02
6.460000000000000000e+02 2.270000000000000000e+02
6.800000000000000000e+02 1.400000000000000000e+02
7.090000000000000000e+02 7.900000000000000000e+01
7.370000000000000000e+02 4.900000000000000000e+01
7.560000000000000000e+02 3.100000000000000000e+01
7.720000000000000000e+02 1.500000000000000000e+01
7.800000000000000000e+02 9.000000000000000000e+00
7.890000000000000000e+02 4.000000000000000000e+00
7.970000000000000000e+02 3.000000000000000000e+00
8.000000000000000000e+02 1.000000000000000000e+00
