5.000000000000000000e+00 6.571000000000000000e+03
7.000000000000000000e+01 4.837000000000000000e+03
7.600000000000000000e+01 3.566000000000000000e+03
8.600000000000000000e+01 2.504000000000000000e+03
1.280000000000000000e+02 1.696000000000000000e+03
2.020000000000000000e+02 1.129000000000000000e+03
2.940000000000000000e+02 7.530000000000000000e+02
3.860000000000000000e+02 4.920000000000000000e+02
4.650000000000000000e+02 3.090000000000000000e+02
5.300000000000000000e+02 2.010000000000000000e+02
5.750000000000000000e+02 1.270000000000000000e+02
6.060000000000000000e+02 7.700000000000000000e+01
6.450000000000000000e+02 4.300000000000000000e+01
6.690000000000000000e+02 2.300000000000000000e+01
7.020000000000000000e+02 1.200000000000000000e+01
7.240000000000000000e+02 2.000000000000000000e+00
7.440000000000000000e+02 2.000000000000000000e+00
7.710000000000000000e+02 0.000000000000000000e+00
7.890000000000000000e+02 0.000000000000000000e+00
