1.000000000000000000e+00 5.771000000000000000e+03
8.400000000000000000e+01 1.645000000000000000e+03
4.650000000000000000e+02 3.890000000000000000e+02
6.990000000000000000e+02 1.780000000000000000e+02
7.610000000000000000e+02 1.120000000000000000e+02
7.780000000000000000e+02 9.100000000000000000e+01
7.790000000000000000e+02 7.300000000000000000e+01
7.790000000000000000e+02 5.500000000000000000e+01
7.800000000000000000e+02 3.400000000000000000e+01
7.820000000000000000e+02 2.100000000000000000e+01
7.860000000000000000e+02 1.100000000000000000e+01
7.930000000000000000e+02 2.000000000000000000e+00
7.950000000000000000e+02 0.000000000000000000e+00
7.980000000000000000e+02 0.000000000000000000e+00
8.040000000000000000e+02 0.000000000000000000e+00
8.050000000000000000e+02 0.000000000000000000e+00
8.060000000000000000e+02 0.000000000000000000e+00
8.080000000000000000e+02 0.000000000000000000e+00
8.100000000000000000e+02 0.000000000000000000e+00
