3.800000000000000000e+01 1.821000000000000000e+03
7.100000000000000000e+01 1.468000000000000000e+03
1.000000000000000000e+02 1.184000000000000000e+03
1.480000000000000000e+02 9.100000000000000000e+02
2.100000000000000000e+02 7.630000000000000000e+02
2.660000000000000000e+02 6.270000000000000000e+02
3.330000000000000000e+02 5.200000000000000000e+02
3.890000000000000000e+02 4.440000000000000000e+02
4.340000000000000000e+02 3.930000000000000000e+02
4.680000000000000000e+02 3.380000000000000000e+02
4.960000000000000000e+02 2.880000000000000000e+02
5.220000000000000000e+02 2.430000000000000000e+02
5.530000000000000000e+02 2.020000000000000000e+02
5.750000000000000000e+02 1.710000000000000000e+02
5.960000000000000000e+02 1.500000000000000000e+02
6.070000000000000000e+02 1.270000000000000000e+02
6.270000000000000000e+02 1.020000000000000000e+02
6.400000000000000000e+02 8.900000000000000000e+01
6.540000000000000000e+02 7.700000000000000000e+01
