1.000000000000000000e+00 6.565000000000000000e+03
1.800000000000000000e+01 4.580000000000000000e+03
9.000000000000000000e+01 3.109000000000000000e+03
1.300000000000000000e+02 1.985000000000000000e+03
2.130000000000000000e+02 1.210000000000000000e+03
3.140000000000000000e+02 7.020000000000000000e+02
4.060000000000000000e+02 4.050000000000000000e+02
5.160000000000000000e+02 2.290000000000000000e+02
5.980000000000000000e+02 1.250000000000000000e+02
6.620000000000000000e+02 6.600000000000000000e+01
7.030000000000000000e+02 4.200000000000000000e+01
7.290000000000000000e+02 2.100000000000000000e+01
7.510000000000000000e+02 1.100000000000000000e+01
7.700000000000000000e+02 1.000000000000000000e+00
7.830000000000000000e+02 0.000000000000000000e+00
7.890000000000000000e+02 0.000000000000000000e+00
7.960000000000000000e+02 0.000000000000000000e+00
8.000000000000000000e+02 0.000000000000000000e+00
8.050000000000000000e+02 0.000000000000000000e+00
