1.000000000000000000e+00 3.700000000000000000e+03
1.100000000000000000e+01 2.180000000000000000e+03
7.400000000000000000e+01 1.311000000000000000e+03
1.800000000000000000e+02 7.650000000000000000e+02
3.340000000000000000e+02 4.880000000000000000e+02
4.530000000000000000e+02 3.010000000000000000e+02
5.440000000000000000e+02 1.810000000000000000e+02
6.110000000000000000e+02 9.900000000000000000e+01
6.610000000000000000e+02 6.400000000000000000e+01
6.860000000000000000e+02 4.300000000000000000e+01
7.120000000000000000e+02 2.500000000000000000e+01
7.340000000000000000e+02 2.000000000000000000e+01
7.530000000000000000e+02 1.500000000000000000e+01
7.700000000000000000e+02 1.100000000000000000e+01
7.760000000000000000e+02 7.000000000000000000e+00
7.830000000000000000e+02 5.000000000000000000e+00
7.900000000000000000e+02 1.000000000000000000e+00
7.930000000000000000e+02 0.000000000000000000e+00
7.940000000000000000e+02 0.000000000000000000e+00
