1.000000000000000000e+00 1.715900000000000000e+04
1.000000000000000000e+00 1.041000000000000000e+04
3.000000000000000000e+00 6.383000000000000000e+03
4.400000000000000000e+01 3.901000000000000000e+03
1.390000000000000000e+02 2.348000000000000000e+03
2.830000000000000000e+02 1.475000000000000000e+03
3.970000000000000000e+02 9.100000000000000000e+02
4.880000000000000000e+02 5.400000000000000000e+02
5.670000000000000000e+02 3.080000000000000000e+02
6.160000000000000000e+02 1.730000000000000000e+02
6.670000000000000000e+02 7.400000000000000000e+01
7.090000000000000000e+02 2.700000000000000000e+01
7.450000000000000000e+02 9.000000000000000000e+00
7.730000000000000000e+02 3.000000000000000000e+00
7.980000000000000000e+02 2.000000000000000000e+00
8.070000000000000000e+02 1.000000000000000000e+00
8.140000000000000000e+02 1.000000000000000000e+00
8.140000000000000000e+02 1.000000000000000000e+00
8.160000000000000000e+02 1.000000000000000000e+00
