1.000000000000000000e+00 8.977000000000000000e+03
3.700000000000000000e+01 2.470000000000000000e+03
4.190000000000000000e+02 5.800000000000000000e+02
6.820000000000000000e+02 2.480000000000000000e+02
7.590000000000000000e+02 1.750000000000000000e+02
7.730000000000000000e+02 1.340000000000000000e+02
7.770000000000000000e+02 1.000000000000000000e+02
7.780000000000000000e+02 6.700000000000000000e+01
7.830000000000000000e+02 3.900000000000000000e+01
7.870000000000000000e+02 1.600000000000000000e+01
7.890000000000000000e+02 5.000000000000000000e+00
7.970000000000000000e+02 2.000000000000000000e+00
8.040000000000000000e+02 1.000000000000000000e+00
8.100000000000000000e+02 0.000000000000000000e+00
8.140000000000000000e+02 0.000000000000000000e+00
8.180000000000000000e+02 0.000000000000000000e+00
8.180000000000000000e+02 0.000000000000000000e+00
8.180000000000000000e+02 0.000000000000000000e+00
8.180000000000000000e+02 0.000000000000000000e+00
