1.000000000000000000e+00 2.482700000000000000e+04
7.100000000000000000e+01 1.473800000000000000e+04
8.600000000000000000e+01 8.571000000000000000e+03
1.050000000000000000e+02 4.585000000000000000e+03
1.690000000000000000e+02 2.272000000000000000e+03
2.900000000000000000e+02 1.022000000000000000e+03
4.300000000000000000e+02 4.610000000000000000e+02
5.310000000000000000e+02 1.950000000000000000e+02
6.250000000000000000e+02 8.500000000000000000e+01
6.980000000000000000e+02 4.600000000000000000e+01
7.340000000000000000e+02 2.200000000000000000e+01
7.620000000000000000e+02 9.000000000000000000e+00
7.820000000000000000e+02 1.000000000000000000e+00
7.930000000000000000e+02 0.000000000000000000e+00
8.120000000000000000e+02 0.000000000000000000e+00
8.250000000000000000e+02 0.000000000000000000e+00
8.300000000000000000e+02 0.000000000000000000e+00
8.330000000000000000e+02 0.000000000000000000e+00
8.360000000000000000e+02 0.000000000000000000e+00
