1.000000000000000000e+00 2.847500000000000000e+04
1.000000000000000000e+00 2.026800000000000000e+04
1.000000000000000000e+00 1.324100000000000000e+04
2.000000000000000000e+00 8.614000000000000000e+03
1.700000000000000000e+01 5.416000000000000000e+03
8.700000000000000000e+01 3.259000000000000000e+03
1.850000000000000000e+02 1.995000000000000000e+03
3.180000000000000000e+02 1.181000000000000000e+03
4.250000000000000000e+02 6.670000000000000000e+02
5.130000000000000000e+02 3.600000000000000000e+02
6.000000000000000000e+02 1.860000000000000000e+02
6.710000000000000000e+02 8.900000000000000000e+01
7.100000000000000000e+02 2.800000000000000000e+01
7.450000000000000000e+02 5.000000000000000000e+00
7.930000000000000000e+02 0.000000000000000000e+00
8.170000000000000000e+02 0.000000000000000000e+00
8.300000000000000000e+02 0.000000000000000000e+00
8.390000000000000000e+02 0.000000000000000000e+00
8.400000000000000000e+02 0.000000000000000000e+00
