2.100000000000000000e+01 1.307000000000000000e+03
1.760000000000000000e+02 5.660000000000000000e+02
3.010000000000000000e+02 3.150000000000000000e+02
4.220000000000000000e+02 1.690000000000000000e+02
5.350000000000000000e+02 9.300000000000000000e+01
6.030000000000000000e+02 5.800000000000000000e+01
6.620000000000000000e+02 3.500000000000000000e+01
6.930000000000000000e+02 2.300000000000000000e+01
7.210000000000000000e+02 1.400000000000000000e+01
7.390000000000000000e+02 7.000000000000000000e+00
7.520000000000000000e+02 6.000000000000000000e+00
7.600000000000000000e+02 5.000000000000000000e+00
7.650000000000000000e+02 4.000000000000000000e+00
7.760000000000000000e+02 3.000000000000000000e+00
7.780000000000000000e+02 1.000000000000000000e+00
7.830000000000000000e+02 0.000000000000000000e+00
7.840000000000000000e+02 0.000000000000000000e+00
7.850000000000000000e+02 0.000000000000000000e+00
7.890000000000000000e+02 0.000000000000000000e+00
