4.400000000000000000e+01 3.919000000000000000e+03
1.020000000000000000e+02 2.921000000000000000e+03
1.610000000000000000e+02 2.250000000000000000e+03
2.040000000000000000e+02 1.754000000000000000e+03
2.650000000000000000e+02 1.371000000000000000e+03
3.160000000000000000e+02 1.080000000000000000e+03
3.650000000000000000e+02 8.760000000000000000e+02
4.190000000000000000e+02 7.140000000000000000e+02
4.620000000000000000e+02 6.010000000000000000e+02
4.960000000000000000e+02 5.100000000000000000e+02
5.290000000000000000e+02 4.330000000000000000e+02
5.540000000000000000e+02 3.400000000000000000e+02
5.770000000000000000e+02 2.790000000000000000e+02
6.000000000000000000e+02 2.380000000000000000e+02
6.220000000000000000e+02 1.850000000000000000e+02
6.370000000000000000e+02 1.400000000000000000e+02
6.530000000000000000e+02 1.140000000000000000e+02
6.730000000000000000e+02 9.100000000000000000e+01
6.830000000000000000e+02 6.600000000000000000e+01
