1.000000000000000000e+00 3.706000000000000000e+03
1.100000000000000000e+01 2.167000000000000000e+03
7.100000000000000000e+01 1.312000000000000000e+03
1.830000000000000000e+02 7.720000000000000000e+02
3.390000000000000000e+02 4.870000000000000000e+02
4.550000000000000000e+02 3.050000000000000000e+02
5.420000000000000000e+02 1.810000000000000000e+02
6.100000000000000000e+02 1.040000000000000000e+02
6.610000000000000000e+02 6.600000000000000000e+01
6.890000000000000000e+02 4.400000000000000000e+01
7.120000000000000000e+02 2.600000000000000000e+01
7.360000000000000000e+02 2.000000000000000000e+01
7.560000000000000000e+02 1.600000000000000000e+01
7.700000000000000000e+02 1.100000000000000000e+01
7.760000000000000000e+02 7.000000000000000000e+00
7.830000000000000000e+02 5.000000000000000000e+00
7.900000000000000000e+02 1.000000000000000000e+00
7.930000000000000000e+02 0.000000000000000000e+00
7.940000000000000000e+02 0.000000000000000000e+00
