1.000000000000000000e+00 1.312800000000000000e+04
1.000000000000000000e+00 8.546000000000000000e+03
8.000000000000000000e+00 5.230000000000000000e+03
4.700000000000000000e+01 3.188000000000000000e+03
1.610000000000000000e+02 1.929000000000000000e+03
3.060000000000000000e+02 1.182000000000000000e+03
4.490000000000000000e+02 7.680000000000000000e+02
5.440000000000000000e+02 4.710000000000000000e+02
6.070000000000000000e+02 2.790000000000000000e+02
6.580000000000000000e+02 1.410000000000000000e+02
6.980000000000000000e+02 7.100000000000000000e+01
7.290000000000000000e+02 3.600000000000000000e+01
7.590000000000000000e+02 1.500000000000000000e+01
7.770000000000000000e+02 3.000000000000000000e+00
7.960000000000000000e+02 0.000000000000000000e+00
8.030000000000000000e+02 0.000000000000000000e+00
8.060000000000000000e+02 0.000000000000000000e+00
8.090000000000000000e+02 0.000000000000000000e+00
8.130000000000000000e+02 0.000000000000000000e+00
