4.400000000000000000e+01 6.113000000000000000e+03
7.200000000000000000e+01 4.280000000000000000e+03
9.900000000000000000e+01 3.056000000000000000e+03
1.590000000000000000e+02 2.144000000000000000e+03
2.370000000000000000e+02 1.491000000000000000e+03
3.380000000000000000e+02 1.042000000000000000e+03
4.030000000000000000e+02 7.350000000000000000e+02
4.790000000000000000e+02 5.160000000000000000e+02
5.240000000000000000e+02 3.730000000000000000e+02
5.640000000000000000e+02 2.730000000000000000e+02
6.030000000000000000e+02 1.820000000000000000e+02
6.320000000000000000e+02 1.190000000000000000e+02
6.630000000000000000e+02 7.400000000000000000e+01
6.900000000000000000e+02 4.400000000000000000e+01
7.110000000000000000e+02 2.500000000000000000e+01
7.210000000000000000e+02 1.100000000000000000e+01
7.380000000000000000e+02 5.000000000000000000e+00
7.530000000000000000e+02 1.000000000000000000e+00
7.640000000000000000e+02 0.000000000000000000e+00
