1.000000000000000000e+00 1.233700000000000000e+04
1.000000000000000000e+00 7.419000000000000000e+03
1.200000000000000000e+01 4.495000000000000000e+03
1.010000000000000000e+02 2.677000000000000000e+03
2.560000000000000000e+02 1.636000000000000000e+03
4.060000000000000000e+02 1.072000000000000000e+03
5.150000000000000000e+02 7.240000000000000000e+02
5.840000000000000000e+02 4.790000000000000000e+02
6.300000000000000000e+02 3.100000000000000000e+02
6.640000000000000000e+02 1.720000000000000000e+02
6.980000000000000000e+02 9.500000000000000000e+01
7.320000000000000000e+02 5.300000000000000000e+01
7.540000000000000000e+02 3.200000000000000000e+01
7.720000000000000000e+02 1.300000000000000000e+01
7.810000000000000000e+02 4.000000000000000000e+00
7.930000000000000000e+02 3.000000000000000000e+00
7.990000000000000000e+02 2.000000000000000000e+00
8.050000000000000000e+02 1.000000000000000000e+00
8.080000000000000000e+02 0.000000000000000000e+00
