1.000000000000000000e+00 3.713000000000000000e+03
1.300000000000000000e+01 2.163000000000000000e+03
7.200000000000000000e+01 1.311000000000000000e+03
1.880000000000000000e+02 7.540000000000000000e+02
3.290000000000000000e+02 4.750000000000000000e+02
4.580000000000000000e+02 2.950000000000000000e+02
5.440000000000000000e+02 1.730000000000000000e+02
6.130000000000000000e+02 9.600000000000000000e+01
6.660000000000000000e+02 6.100000000000000000e+01
6.920000000000000000e+02 4.200000000000000000e+01
7.130000000000000000e+02 2.500000000000000000e+01
7.380000000000000000e+02 1.900000000000000000e+01
7.580000000000000000e+02 1.500000000000000000e+01
7.700000000000000000e+02 9.000000000000000000e+00
7.760000000000000000e+02 7.000000000000000000e+00
7.850000000000000000e+02 4.000000000000000000e+00
7.910000000000000000e+02 1.000000000000000000e+00
7.930000000000000000e+02 0.000000000000000000e+00
7.940000000000000000e+02 0.000000000000000000e+00
