1.000000000000000000e+00 5.116800000000000000e+04
2.800000000000000000e+01 3.054300000000000000e+04
8.700000000000000000e+01 1.801800000000000000e+04
1.070000000000000000e+02 1.016600000000000000e+04
1.420000000000000000e+02 5.237000000000000000e+03
2.060000000000000000e+02 2.636000000000000000e+03
3.120000000000000000e+02 1.300000000000000000e+03
4.240000000000000000e+02 5.990000000000000000e+02
5.250000000000000000e+02 2.800000000000000000e+02
6.100000000000000000e+02 1.130000000000000000e+02
6.870000000000000000e+02 3.400000000000000000e+01
7.490000000000000000e+02 6.000000000000000000e+00
8.020000000000000000e+02 1.000000000000000000e+00
8.300000000000000000e+02 0.000000000000000000e+00
8.600000000000000000e+02 0.000000000000000000e+00
8.740000000000000000e+02 0.000000000000000000e+00
8.830000000000000000e+02 0.000000000000000000e+00
8.870000000000000000e+02 0.000000000000000000e+00
8.880000000000000000e+02 0.000000000000000000e+00
