3.900000000000000000e+01 6.607000000000000000e+03
7.200000000000000000e+01 5.117000000000000000e+03
7.300000000000000000e+01 3.959000000000000000e+03
7.800000000000000000e+01 2.957000000000000000e+03
1.090000000000000000e+02 2.185000000000000000e+03
1.590000000000000000e+02 1.565000000000000000e+03
2.420000000000000000e+02 1.120000000000000000e+03
3.000000000000000000e+02 8.360000000000000000e+02
3.660000000000000000e+02 5.970000000000000000e+02
4.410000000000000000e+02 4.260000000000000000e+02
4.830000000000000000e+02 3.030000000000000000e+02
5.170000000000000000e+02 2.290000000000000000e+02
5.500000000000000000e+02 1.420000000000000000e+02
5.910000000000000000e+02 8.500000000000000000e+01
6.220000000000000000e+02 4.400000000000000000e+01
6.580000000000000000e+02 2.500000000000000000e+01
6.900000000000000000e+02 1.300000000000000000e+01
7.080000000000000000e+02 4.000000000000000000e+00
7.250000000000000000e+02 4.000000000000000000e+00
