1.000000000000000000e+00 2.870500000000000000e+04
1.000000000000000000e+00 2.055700000000000000e+04
1.000000000000000000e+00 1.346500000000000000e+04
1.000000000000000000e+00 8.423000000000000000e+03
1.800000000000000000e+01 5.164000000000000000e+03
7.800000000000000000e+01 2.980000000000000000e+03
2.050000000000000000e+02 1.681000000000000000e+03
3.380000000000000000e+02 9.760000000000000000e+02
4.570000000000000000e+02 5.020000000000000000e+02
5.630000000000000000e+02 2.590000000000000000e+02
6.410000000000000000e+02 1.320000000000000000e+02
6.980000000000000000e+02 5.100000000000000000e+01
7.360000000000000000e+02 1.500000000000000000e+01
7.850000000000000000e+02 2.000000000000000000e+00
8.080000000000000000e+02 1.000000000000000000e+00
8.280000000000000000e+02 0.000000000000000000e+00
8.360000000000000000e+02 0.000000000000000000e+00
8.410000000000000000e+02 0.000000000000000000e+00
8.420000000000000000e+02 0.000000000000000000e+00
