1.000000000000000000e+00 3.712000000000000000e+03
1.700000000000000000e+01 2.136000000000000000e+03
9.000000000000000000e+01 1.249000000000000000e+03
2.170000000000000000e+02 7.180000000000000000e+02
3.520000000000000000e+02 4.250000000000000000e+02
4.720000000000000000e+02 2.410000000000000000e+02
5.620000000000000000e+02 1.350000000000000000e+02
6.270000000000000000e+02 7.700000000000000000e+01
6.730000000000000000e+02 5.200000000000000000e+01
7.040000000000000000e+02 3.700000000000000000e+01
7.330000000000000000e+02 2.300000000000000000e+01
7.520000000000000000e+02 1.500000000000000000e+01
7.620000000000000000e+02 1.000000000000000000e+01
7.730000000000000000e+02 4.000000000000000000e+00
7.850000000000000000e+02 2.000000000000000000e+00
7.870000000000000000e+02 2.000000000000000000e+00
7.930000000000000000e+02 1.000000000000000000e+00
7.960000000000000000e+02 1.000000000000000000e+00
7.960000000000000000e+02 1.000000000000000000e+00
