1.000000000000000000e+00 3.847000000000000000e+03
5.800000000000000000e+01 2.353000000000000000e+03
1.360000000000000000e+02 1.426000000000000000e+03
2.450000000000000000e+02 7.840000000000000000e+02
3.620000000000000000e+02 4.160000000000000000e+02
4.720000000000000000e+02 2.040000000000000000e+02
6.020000000000000000e+02 1.080000000000000000e+02
6.670000000000000000e+02 5.800000000000000000e+01
7.150000000000000000e+02 3.600000000000000000e+01
7.440000000000000000e+02 2.300000000000000000e+01
7.630000000000000000e+02 1.600000000000000000e+01
7.750000000000000000e+02 9.000000000000000000e+00
7.790000000000000000e+02 2.000000000000000000e+00
7.830000000000000000e+02 1.000000000000000000e+00
7.850000000000000000e+02 0.000000000000000000e+00
7.910000000000000000e+02 0.000000000000000000e+00
7.950000000000000000e+02 0.000000000000000000e+00
7.950000000000000000e+02 0.000000000000000000e+00
7.980000000000000000e+02 0.000000000000000000e+00
