1.000000000000000000e+00 3.731000000000000000e+03
1.000000000000000000e+01 2.198000000000000000e+03
7.300000000000000000e+01 1.330000000000000000e+03
1.730000000000000000e+02 7.970000000000000000e+02
3.290000000000000000e+02 5.150000000000000000e+02
4.420000000000000000e+02 3.360000000000000000e+02
5.320000000000000000e+02 2.080000000000000000e+02
5.960000000000000000e+02 1.250000000000000000e+02
6.480000000000000000e+02 7.300000000000000000e+01
6.790000000000000000e+02 4.800000000000000000e+01
7.060000000000000000e+02 3.300000000000000000e+01
7.250000000000000000e+02 2.300000000000000000e+01
7.480000000000000000e+02 1.900000000000000000e+01
7.620000000000000000e+02 1.500000000000000000e+01
7.720000000000000000e+02 9.000000000000000000e+00
7.780000000000000000e+02 5.000000000000000000e+00
7.870000000000000000e+02 5.000000000000000000e+00
7.910000000000000000e+02 1.000000000000000000e+00
7.930000000000000000e+02 0.000000000000000000e+00
