1.000000000000000000e+00 7.955000000000000000e+03
1.300000000000000000e+01 4.743000000000000000e+03
1.290000000000000000e+02 2.851000000000000000e+03
2.710000000000000000e+02 1.740000000000000000e+03
3.590000000000000000e+02 1.012000000000000000e+03
4.590000000000000000e+02 5.830000000000000000e+02
5.520000000000000000e+02 3.470000000000000000e+02
6.230000000000000000e+02 1.950000000000000000e+02
6.720000000000000000e+02 1.080000000000000000e+02
7.060000000000000000e+02 5.100000000000000000e+01
7.340000000000000000e+02 2.100000000000000000e+01
7.640000000000000000e+02 5.000000000000000000e+00
7.830000000000000000e+02 2.000000000000000000e+00
7.950000000000000000e+02 0.000000000000000000e+00
8.010000000000000000e+02 0.000000000000000000e+00
8.050000000000000000e+02 0.000000000000000000e+00
8.060000000000000000e+02 0.000000000000000000e+00
8.090000000000000000e+02 0.000000000000000000e+00
8.100000000000000000e+02 0.000000000000000000e+00
