1.000000000000000000e+00 3.507900000000000000e+04
3.000000000000000000e+01 2.299200000000000000e+04
8.200000000000000000e+01 1.524000000000000000e+04
1.930000000000000000e+02 9.774000000000000000e+03
3.060000000000000000e+02 6.298000000000000000e+03
3.440000000000000000e+02 3.873000000000000000e+03
3.730000000000000000e+02 2.232000000000000000e+03
4.130000000000000000e+02 1.164000000000000000e+03
4.670000000000000000e+02 5.200000000000000000e+02
5.420000000000000000e+02 2.190000000000000000e+02
6.370000000000000000e+02 6.600000000000000000e+01
7.220000000000000000e+02 2.300000000000000000e+01
7.630000000000000000e+02 9.000000000000000000e+00
8.050000000000000000e+02 2.000000000000000000e+00
8.270000000000000000e+02 1.000000000000000000e+00
8.440000000000000000e+02 0.000000000000000000e+00
8.480000000000000000e+02 0.000000000000000000e+00
8.520000000000000000e+02 0.000000000000000000e+00
8.570000000000000000e+02 0.000000000000000000e+00
