1.000000000000000000e+00 1.988600000000000000e+04
1.000000000000000000e+00 1.092800000000000000e+04
3.100000000000000000e+01 5.775000000000000000e+03
1.580000000000000000e+02 3.000000000000000000e+03
3.110000000000000000e+02 1.635000000000000000e+03
4.430000000000000000e+02 8.660000000000000000e+02
5.440000000000000000e+02 4.170000000000000000e+02
6.140000000000000000e+02 1.960000000000000000e+02
6.780000000000000000e+02 7.500000000000000000e+01
7.330000000000000000e+02 2.800000000000000000e+01
7.810000000000000000e+02 1.000000000000000000e+01
7.980000000000000000e+02 6.000000000000000000e+00
8.150000000000000000e+02 0.000000000000000000e+00
8.210000000000000000e+02 0.000000000000000000e+00
8.240000000000000000e+02 0.000000000000000000e+00
8.290000000000000000e+02 0.000000000000000000e+00
8.310000000000000000e+02 0.000000000000000000e+00
8.340000000000000000e+02 0.000000000000000000e+00
8.340000000000000000e+02 0.000000000000000000e+00
