1.000000000000000000e+00 3.771000000000000000e+03
7.000000000000000000e+00 2.306000000000000000e+03
6.800000000000000000e+01 1.476000000000000000e+03
1.670000000000000000e+02 9.260000000000000000e+02
2.940000000000000000e+02 6.150000000000000000e+02
4.050000000000000000e+02 4.230000000000000000e+02
4.940000000000000000e+02 2.760000000000000000e+02
5.710000000000000000e+02 1.830000000000000000e+02
6.150000000000000000e+02 1.280000000000000000e+02
6.560000000000000000e+02 8.100000000000000000e+01
6.800000000000000000e+02 5.600000000000000000e+01
7.090000000000000000e+02 3.700000000000000000e+01
7.220000000000000000e+02 2.600000000000000000e+01
7.340000000000000000e+02 1.700000000000000000e+01
7.540000000000000000e+02 1.000000000000000000e+01
7.670000000000000000e+02 7.000000000000000000e+00
7.750000000000000000e+02 3.000000000000000000e+00
7.820000000000000000e+02 3.000000000000000000e+00
7.880000000000000000e+02 0.000000000000000000e+00
