1.000000000000000000e+00 3.083400000000000000e+04
4.000000000000000000e+01 1.633900000000000000e+04
1.200000000000000000e+02 8.873000000000000000e+03
3.420000000000000000e+02 4.673000000000000000e+03
4.690000000000000000e+02 2.746000000000000000e+03
5.350000000000000000e+02 1.581000000000000000e+03
5.630000000000000000e+02 8.010000000000000000e+02
6.080000000000000000e+02 3.920000000000000000e+02
6.590000000000000000e+02 1.800000000000000000e+02
7.060000000000000000e+02 9.300000000000000000e+01
7.500000000000000000e+02 3.200000000000000000e+01
7.910000000000000000e+02 1.700000000000000000e+01
8.140000000000000000e+02 6.000000000000000000e+00
8.310000000000000000e+02 3.000000000000000000e+00
8.360000000000000000e+02 1.000000000000000000e+00
8.440000000000000000e+02 1.000000000000000000e+00
8.470000000000000000e+02 1.000000000000000000e+00
8.500000000000000000e+02 0.000000000000000000e+00
8.540000000000000000e+02 0.000000000000000000e+00
