1.000000000000000000e+00 2.406600000000000000e+04
1.000000000000000000e+00 1.356600000000000000e+04
4.000000000000000000e+00 7.765000000000000000e+03
7.100000000000000000e+01 4.236000000000000000e+03
2.040000000000000000e+02 2.433000000000000000e+03
3.410000000000000000e+02 1.338000000000000000e+03
4.500000000000000000e+02 7.270000000000000000e+02
5.520000000000000000e+02 3.900000000000000000e+02
6.350000000000000000e+02 2.020000000000000000e+02
6.930000000000000000e+02 8.800000000000000000e+01
7.380000000000000000e+02 3.500000000000000000e+01
7.800000000000000000e+02 1.600000000000000000e+01
8.010000000000000000e+02 1.300000000000000000e+01
8.090000000000000000e+02 1.100000000000000000e+01
8.140000000000000000e+02 8.000000000000000000e+00
8.180000000000000000e+02 5.000000000000000000e+00
8.230000000000000000e+02 3.000000000000000000e+00
8.290000000000000000e+02 0.000000000000000000e+00
8.330000000000000000e+02 0.000000000000000000e+00
