1.000000000000000000e+00 1.633300000000000000e+04
1.000000000000000000e+00 9.726000000000000000e+03
8.000000000000000000e+00 6.021000000000000000e+03
6.900000000000000000e+01 3.651000000000000000e+03
1.960000000000000000e+02 2.265000000000000000e+03
3.300000000000000000e+02 1.471000000000000000e+03
4.230000000000000000e+02 9.730000000000000000e+02
5.060000000000000000e+02 6.160000000000000000e+02
5.640000000000000000e+02 4.020000000000000000e+02
6.060000000000000000e+02 2.490000000000000000e+02
6.480000000000000000e+02 1.330000000000000000e+02
6.860000000000000000e+02 6.900000000000000000e+01
7.180000000000000000e+02 3.200000000000000000e+01
7.460000000000000000e+02 1.500000000000000000e+01
7.730000000000000000e+02 8.000000000000000000e+00
7.950000000000000000e+02 5.000000000000000000e+00
8.060000000000000000e+02 2.000000000000000000e+00
8.130000000000000000e+02 1.000000000000000000e+00
8.150000000000000000e+02 1.000000000000000000e+00
