1.000000000000000000e+00 3.693000000000000000e+03
1.500000000000000000e+01 2.153000000000000000e+03
7.600000000000000000e+01 1.268000000000000000e+03
2.030000000000000000e+02 7.220000000000000000e+02
3.440000000000000000e+02 4.370000000000000000e+02
4.690000000000000000e+02 2.700000000000000000e+02
5.480000000000000000e+02 1.460000000000000000e+02
6.250000000000000000e+02 8.900000000000000000e+01
6.700000000000000000e+02 5.300000000000000000e+01
6.990000000000000000e+02 3.600000000000000000e+01
7.220000000000000000e+02 2.300000000000000000e+01
7.440000000000000000e+02 1.500000000000000000e+01
7.640000000000000000e+02 1.300000000000000000e+01
7.730000000000000000e+02 6.000000000000000000e+00
7.820000000000000000e+02 5.000000000000000000e+00
7.880000000000000000e+02 1.000000000000000000e+00
7.910000000000000000e+02 0.000000000000000000e+00
7.940000000000000000e+02 0.000000000000000000e+00
7.990000000000000000e+02 0.000000000000000000e+00
