1.240000000000000000e+02 1.093000000000000000e+03
3.220000000000000000e+02 5.940000000000000000e+02
4.580000000000000000e+02 3.420000000000000000e+02
5.340000000000000000e+02 1.900000000000000000e+02
6.090000000000000000e+02 1.100000000000000000e+02
6.440000000000000000e+02 5.500000000000000000e+01
6.900000000000000000e+02 1.800000000000000000e+01
7.260000000000000000e+02 7.000000000000000000e+00
7.470000000000000000e+02 0.000000000000000000e+00
7.610000000000000000e+02 0.000000000000000000e+00
7.710000000000000000e+02 0.000000000000000000e+00
7.750000000000000000e+02 0.000000000000000000e+00
7.810000000000000000e+02 0.000000000000000000e+00
7.850000000000000000e+02 0.000000000000000000e+00
7.860000000000000000e+02 0.000000000000000000e+00
7.870000000000000000e+02 0.000000000000000000e+00
7.900000000000000000e+02 0.000000000000000000e+00
7.900000000000000000e+02 0.000000000000000000e+00
7.900000000000000000e+02 0.000000000000000000e+00
