4.500000000000000000e+01 1.423600000000000000e+04
7.400000000000000000e+01 1.162300000000000000e+04
7.700000000000000000e+01 9.587000000000000000e+03
8.100000000000000000e+01 7.774000000000000000e+03
9.300000000000000000e+01 6.325000000000000000e+03
1.120000000000000000e+02 5.027000000000000000e+03
1.350000000000000000e+02 4.005000000000000000e+03
1.480000000000000000e+02 3.205000000000000000e+03
1.930000000000000000e+02 2.519000000000000000e+03
2.450000000000000000e+02 2.003000000000000000e+03
3.030000000000000000e+02 1.620000000000000000e+03
3.490000000000000000e+02 1.308000000000000000e+03
4.090000000000000000e+02 1.062000000000000000e+03
4.510000000000000000e+02 8.220000000000000000e+02
4.830000000000000000e+02 6.620000000000000000e+02
5.100000000000000000e+02 5.080000000000000000e+02
5.320000000000000000e+02 4.000000000000000000e+02
5.620000000000000000e+02 3.010000000000000000e+02
5.860000000000000000e+02 2.160000000000000000e+02
