1.000000000000000000e+00 3.682000000000000000e+03
2.800000000000000000e+01 2.186000000000000000e+03
1.270000000000000000e+02 1.299000000000000000e+03
2.550000000000000000e+02 7.680000000000000000e+02
3.620000000000000000e+02 4.770000000000000000e+02
4.650000000000000000e+02 2.670000000000000000e+02
5.510000000000000000e+02 1.250000000000000000e+02
6.270000000000000000e+02 8.700000000000000000e+01
6.740000000000000000e+02 4.700000000000000000e+01
7.120000000000000000e+02 2.100000000000000000e+01
7.370000000000000000e+02 1.500000000000000000e+01
7.660000000000000000e+02 1.100000000000000000e+01
7.730000000000000000e+02 6.000000000000000000e+00
7.830000000000000000e+02 1.000000000000000000e+00
7.880000000000000000e+02 1.000000000000000000e+00
7.940000000000000000e+02 1.000000000000000000e+00
7.950000000000000000e+02 0.000000000000000000e+00
7.970000000000000000e+02 0.000000000000000000e+00
8.000000000000000000e+02 0.000000000000000000e+00
