1.000000000000000000e+00 1.865000000000000000e+04
7.300000000000000000e+01 1.417600000000000000e+04
7.700000000000000000e+01 1.107700000000000000e+04
7.800000000000000000e+01 8.369000000000000000e+03
8.200000000000000000e+01 6.151000000000000000e+03
9.700000000000000000e+01 4.445000000000000000e+03
1.100000000000000000e+02 3.199000000000000000e+03
1.710000000000000000e+02 2.202000000000000000e+03
2.280000000000000000e+02 1.508000000000000000e+03
3.010000000000000000e+02 9.560000000000000000e+02
3.580000000000000000e+02 6.090000000000000000e+02
4.310000000000000000e+02 3.910000000000000000e+02
4.910000000000000000e+02 2.210000000000000000e+02
5.560000000000000000e+02 1.180000000000000000e+02
6.040000000000000000e+02 4.800000000000000000e+01
6.590000000000000000e+02 2.000000000000000000e+01
6.980000000000000000e+02 9.000000000000000000e+00
7.310000000000000000e+02 3.000000000000000000e+00
7.610000000000000000e+02 0.000000000000000000e+00
