1.000000000000000000e+00 1.339000000000000000e+04
3.000000000000000000e+00 5.378000000000000000e+03
1.510000000000000000e+02 2.033000000000000000e+03
4.340000000000000000e+02 8.620000000000000000e+02
6.060000000000000000e+02 4.150000000000000000e+02
6.900000000000000000e+02 2.650000000000000000e+02
7.390000000000000000e+02 1.500000000000000000e+02
7.640000000000000000e+02 8.600000000000000000e+01
7.760000000000000000e+02 4.500000000000000000e+01
7.840000000000000000e+02 1.800000000000000000e+01
7.910000000000000000e+02 7.000000000000000000e+00
8.000000000000000000e+02 1.000000000000000000e+00
8.100000000000000000e+02 0.000000000000000000e+00
8.130000000000000000e+02 0.000000000000000000e+00
8.200000000000000000e+02 0.000000000000000000e+00
8.230000000000000000e+02 0.000000000000000000e+00
8.250000000000000000e+02 0.000000000000000000e+00
8.260000000000000000e+02 0.000000000000000000e+00
8.260000000000000000e+02 0.000000000000000000e+00
