1.000000000000000000e+00 8.076000000000000000e+03
2.000000000000000000e+00 4.953000000000000000e+03
4.300000000000000000e+01 2.803000000000000000e+03
1.960000000000000000e+02 1.604000000000000000e+03
3.650000000000000000e+02 9.580000000000000000e+02
4.940000000000000000e+02 6.060000000000000000e+02
5.710000000000000000e+02 3.750000000000000000e+02
6.210000000000000000e+02 2.330000000000000000e+02
6.600000000000000000e+02 1.250000000000000000e+02
7.020000000000000000e+02 7.000000000000000000e+01
7.310000000000000000e+02 3.700000000000000000e+01
7.550000000000000000e+02 1.900000000000000000e+01
7.690000000000000000e+02 8.000000000000000000e+00
7.810000000000000000e+02 4.000000000000000000e+00
7.900000000000000000e+02 2.000000000000000000e+00
7.960000000000000000e+02 0.000000000000000000e+00
8.010000000000000000e+02 0.000000000000000000e+00
8.040000000000000000e+02 0.000000000000000000e+00
8.050000000000000000e+02 0.000000000000000000e+00
