1.000000000000000000e+00 3.347500000000000000e+04
7.500000000000000000e+01 2.147000000000000000e+04
8.900000000000000000e+01 1.343800000000000000e+04
1.040000000000000000e+02 7.847000000000000000e+03
1.320000000000000000e+02 4.405000000000000000e+03
1.900000000000000000e+02 2.358000000000000000e+03
2.940000000000000000e+02 1.207000000000000000e+03
4.090000000000000000e+02 5.990000000000000000e+02
5.040000000000000000e+02 3.060000000000000000e+02
5.860000000000000000e+02 1.670000000000000000e+02
6.550000000000000000e+02 7.900000000000000000e+01
7.070000000000000000e+02 4.200000000000000000e+01
7.370000000000000000e+02 2.000000000000000000e+01
7.730000000000000000e+02 2.000000000000000000e+00
8.020000000000000000e+02 2.000000000000000000e+00
8.170000000000000000e+02 0.000000000000000000e+00
8.310000000000000000e+02 0.000000000000000000e+00
8.390000000000000000e+02 0.000000000000000000e+00
8.450000000000000000e+02 0.000000000000000000e+00
