1.000000000000000000e+00 1.302900000000000000e+04
7.000000000000000000e+01 8.493000000000000000e+03
8.000000000000000000e+01 5.504000000000000000e+03
1.000000000000000000e+02 3.312000000000000000e+03
1.590000000000000000e+02 1.886000000000000000e+03
2.580000000000000000e+02 1.020000000000000000e+03
3.630000000000000000e+02 5.360000000000000000e+02
4.680000000000000000e+02 2.710000000000000000e+02
5.420000000000000000e+02 1.410000000000000000e+02
6.240000000000000000e+02 5.200000000000000000e+01
6.650000000000000000e+02 2.000000000000000000e+01
7.230000000000000000e+02 1.000000000000000000e+01
7.530000000000000000e+02 2.000000000000000000e+00
7.760000000000000000e+02 1.000000000000000000e+00
7.890000000000000000e+02 0.000000000000000000e+00
7.980000000000000000e+02 0.000000000000000000e+00
8.070000000000000000e+02 0.000000000000000000e+00
8.120000000000000000e+02 0.000000000000000000e+00
8.140000000000000000e+02 0.000000000000000000e+00
