1.000000000000000000e+00 8.617000000000000000e+03
7.000000000000000000e+01 5.583000000000000000e+03
7.800000000000000000e+01 3.571000000000000000e+03
1.200000000000000000e+02 2.167000000000000000e+03
2.060000000000000000e+02 1.227000000000000000e+03
3.460000000000000000e+02 6.980000000000000000e+02
4.740000000000000000e+02 3.900000000000000000e+02
5.670000000000000000e+02 2.160000000000000000e+02
6.240000000000000000e+02 1.170000000000000000e+02
6.720000000000000000e+02 6.100000000000000000e+01
7.130000000000000000e+02 2.300000000000000000e+01
7.470000000000000000e+02 1.100000000000000000e+01
7.580000000000000000e+02 0.000000000000000000e+00
7.750000000000000000e+02 0.000000000000000000e+00
7.850000000000000000e+02 0.000000000000000000e+00
7.910000000000000000e+02 0.000000000000000000e+00
8.000000000000000000e+02 0.000000000000000000e+00
8.030000000000000000e+02 0.000000000000000000e+00
8.040000000000000000e+02 0.000000000000000000e+00
