1.000000000000000000e+00 4.574600000000000000e+04
3.900000000000000000e+01 2.389100000000000000e+04
9.300000000000000000e+01 1.238500000000000000e+04
3.320000000000000000e+02 6.180000000000000000e+03
4.710000000000000000e+02 3.389000000000000000e+03
5.340000000000000000e+02 1.687000000000000000e+03
5.720000000000000000e+02 7.580000000000000000e+02
6.180000000000000000e+02 2.880000000000000000e+02
6.880000000000000000e+02 8.100000000000000000e+01
7.660000000000000000e+02 2.600000000000000000e+01
8.100000000000000000e+02 9.000000000000000000e+00
8.440000000000000000e+02 7.000000000000000000e+00
8.570000000000000000e+02 1.000000000000000000e+00
8.680000000000000000e+02 0.000000000000000000e+00
8.770000000000000000e+02 0.000000000000000000e+00
8.810000000000000000e+02 0.000000000000000000e+00
8.850000000000000000e+02 0.000000000000000000e+00
8.870000000000000000e+02 0.000000000000000000e+00
8.900000000000000000e+02 0.000000000000000000e+00
