1.000000000000000000e+00 3.774000000000000000e+03
9.000000000000000000e+00 2.261000000000000000e+03
6.200000000000000000e+01 1.398000000000000000e+03
1.720000000000000000e+02 8.450000000000000000e+02
3.100000000000000000e+02 5.500000000000000000e+02
4.290000000000000000e+02 3.610000000000000000e+02
5.180000000000000000e+02 2.410000000000000000e+02
5.830000000000000000e+02 1.560000000000000000e+02
6.270000000000000000e+02 9.700000000000000000e+01
6.680000000000000000e+02 6.300000000000000000e+01
6.970000000000000000e+02 4.400000000000000000e+01
7.190000000000000000e+02 3.100000000000000000e+01
7.350000000000000000e+02 2.000000000000000000e+01
7.490000000000000000e+02 1.600000000000000000e+01
7.650000000000000000e+02 1.100000000000000000e+01
7.720000000000000000e+02 7.000000000000000000e+00
7.820000000000000000e+02 6.000000000000000000e+00
7.860000000000000000e+02 1.000000000000000000e+00
7.910000000000000000e+02 0.000000000000000000e+00
