1.000000000000000000e+00 1.213500000000000000e+04
1.000000000000000000e+00 7.079000000000000000e+03
2.100000000000000000e+01 4.190000000000000000e+03
1.270000000000000000e+02 2.420000000000000000e+03
2.910000000000000000e+02 1.506000000000000000e+03
4.520000000000000000e+02 1.011000000000000000e+03
5.450000000000000000e+02 6.770000000000000000e+02
6.100000000000000000e+02 4.460000000000000000e+02
6.390000000000000000e+02 2.660000000000000000e+02
6.750000000000000000e+02 1.510000000000000000e+02
7.120000000000000000e+02 7.700000000000000000e+01
7.390000000000000000e+02 3.900000000000000000e+01
7.600000000000000000e+02 1.900000000000000000e+01
7.800000000000000000e+02 8.000000000000000000e+00
7.910000000000000000e+02 2.000000000000000000e+00
8.010000000000000000e+02 2.000000000000000000e+00
8.070000000000000000e+02 0.000000000000000000e+00
8.100000000000000000e+02 0.000000000000000000e+00
8.110000000000000000e+02 0.000000000000000000e+00
