2.200000000000000000e+01 4.176000000000000000e+03
7.000000000000000000e+01 3.177000000000000000e+03
8.100000000000000000e+01 2.386000000000000000e+03
1.250000000000000000e+02 1.715000000000000000e+03
1.970000000000000000e+02 1.190000000000000000e+03
2.650000000000000000e+02 8.130000000000000000e+02
3.490000000000000000e+02 5.530000000000000000e+02
4.280000000000000000e+02 3.870000000000000000e+02
4.870000000000000000e+02 2.760000000000000000e+02
5.460000000000000000e+02 1.980000000000000000e+02
5.860000000000000000e+02 1.260000000000000000e+02
6.310000000000000000e+02 7.300000000000000000e+01
6.610000000000000000e+02 4.800000000000000000e+01
6.890000000000000000e+02 3.000000000000000000e+01
7.120000000000000000e+02 1.800000000000000000e+01
7.320000000000000000e+02 4.000000000000000000e+00
7.450000000000000000e+02 1.000000000000000000e+00
7.610000000000000000e+02 0.000000000000000000e+00
7.760000000000000000e+02 0.000000000000000000e+00
