1.000000000000000000e+00 1.691700000000000000e+04
1.000000000000000000e+00 1.016800000000000000e+04
4.000000000000000000e+00 6.259000000000000000e+03
5.000000000000000000e+01 3.779000000000000000e+03
1.570000000000000000e+02 2.327000000000000000e+03
2.990000000000000000e+02 1.460000000000000000e+03
4.080000000000000000e+02 9.020000000000000000e+02
4.980000000000000000e+02 5.460000000000000000e+02
5.700000000000000000e+02 3.310000000000000000e+02
6.170000000000000000e+02 1.870000000000000000e+02
6.570000000000000000e+02 8.600000000000000000e+01
7.000000000000000000e+02 3.700000000000000000e+01
7.370000000000000000e+02 1.400000000000000000e+01
7.730000000000000000e+02 4.000000000000000000e+00
7.950000000000000000e+02 2.000000000000000000e+00
8.040000000000000000e+02 1.000000000000000000e+00
8.140000000000000000e+02 1.000000000000000000e+00
8.140000000000000000e+02 1.000000000000000000e+00
8.170000000000000000e+02 1.000000000000000000e+00
