1.000000000000000000e+00 1.993100000000000000e+04
1.000000000000000000e+00 1.108800000000000000e+04
2.700000000000000000e+01 5.956000000000000000e+03
1.450000000000000000e+02 3.164000000000000000e+03
2.990000000000000000e+02 1.725000000000000000e+03
4.300000000000000000e+02 9.140000000000000000e+02
5.270000000000000000e+02 4.740000000000000000e+02
6.000000000000000000e+02 2.130000000000000000e+02
6.720000000000000000e+02 8.200000000000000000e+01
7.240000000000000000e+02 3.400000000000000000e+01
7.690000000000000000e+02 8.000000000000000000e+00
7.980000000000000000e+02 5.000000000000000000e+00
8.100000000000000000e+02 1.000000000000000000e+00
8.200000000000000000e+02 0.000000000000000000e+00
8.260000000000000000e+02 0.000000000000000000e+00
8.300000000000000000e+02 0.000000000000000000e+00
8.320000000000000000e+02 0.000000000000000000e+00
8.340000000000000000e+02 0.000000000000000000e+00
8.340000000000000000e+02 0.000000000000000000e+00
