1.000000000000000000e+00 3.655000000000000000e+03
2.600000000000000000e+01 2.172000000000000000e+03
1.150000000000000000e+02 1.274000000000000000e+03
2.460000000000000000e+02 7.310000000000000000e+02
3.690000000000000000e+02 4.470000000000000000e+02
4.740000000000000000e+02 2.490000000000000000e+02
5.700000000000000000e+02 1.230000000000000000e+02
6.370000000000000000e+02 8.300000000000000000e+01
6.860000000000000000e+02 4.900000000000000000e+01
7.210000000000000000e+02 2.100000000000000000e+01
7.380000000000000000e+02 1.300000000000000000e+01
7.620000000000000000e+02 1.100000000000000000e+01
7.730000000000000000e+02 5.000000000000000000e+00
7.830000000000000000e+02 2.000000000000000000e+00
7.880000000000000000e+02 1.000000000000000000e+00
7.940000000000000000e+02 1.000000000000000000e+00
7.950000000000000000e+02 1.000000000000000000e+00
7.970000000000000000e+02 0.000000000000000000e+00
7.990000000000000000e+02 0.000000000000000000e+00
