1.000000000000000000e+00 8.049000000000000000e+03
2.000000000000000000e+00 4.912000000000000000e+03
4.500000000000000000e+01 2.756000000000000000e+03
2.120000000000000000e+02 1.561000000000000000e+03
3.720000000000000000e+02 9.360000000000000000e+02
4.930000000000000000e+02 5.770000000000000000e+02
5.710000000000000000e+02 3.400000000000000000e+02
6.220000000000000000e+02 2.070000000000000000e+02
6.670000000000000000e+02 1.160000000000000000e+02
7.030000000000000000e+02 5.900000000000000000e+01
7.370000000000000000e+02 2.300000000000000000e+01
7.610000000000000000e+02 1.200000000000000000e+01
7.750000000000000000e+02 4.000000000000000000e+00
7.880000000000000000e+02 1.000000000000000000e+00
7.950000000000000000e+02 0.000000000000000000e+00
8.010000000000000000e+02 0.000000000000000000e+00
8.030000000000000000e+02 0.000000000000000000e+00
8.060000000000000000e+02 0.000000000000000000e+00
8.080000000000000000e+02 0.000000000000000000e+00
