1.400000000000000000e+01 1.612000000000000000e+03
1.210000000000000000e+02 1.031000000000000000e+03
2.310000000000000000e+02 6.650000000000000000e+02
3.340000000000000000e+02 4.220000000000000000e+02
4.370000000000000000e+02 2.710000000000000000e+02
5.330000000000000000e+02 1.770000000000000000e+02
6.020000000000000000e+02 1.110000000000000000e+02
6.420000000000000000e+02 7.300000000000000000e+01
6.790000000000000000e+02 5.000000000000000000e+01
6.990000000000000000e+02 3.500000000000000000e+01
7.240000000000000000e+02 2.200000000000000000e+01
7.320000000000000000e+02 1.500000000000000000e+01
7.420000000000000000e+02 1.000000000000000000e+01
7.510000000000000000e+02 6.000000000000000000e+00
7.630000000000000000e+02 2.000000000000000000e+00
7.720000000000000000e+02 2.000000000000000000e+00
7.760000000000000000e+02 1.000000000000000000e+00
7.830000000000000000e+02 0.000000000000000000e+00
7.900000000000000000e+02 0.000000000000000000e+00
