2.000000000000000000e+00 3.987000000000000000e+03
7.100000000000000000e+01 2.620000000000000000e+03
1.000000000000000000e+02 1.620000000000000000e+03
2.050000000000000000e+02 9.500000000000000000e+02
3.340000000000000000e+02 5.460000000000000000e+02
4.530000000000000000e+02 3.150000000000000000e+02
5.450000000000000000e+02 1.800000000000000000e+02
6.180000000000000000e+02 1.050000000000000000e+02
6.770000000000000000e+02 5.900000000000000000e+01
7.170000000000000000e+02 3.300000000000000000e+01
7.340000000000000000e+02 1.800000000000000000e+01
7.490000000000000000e+02 9.000000000000000000e+00
7.640000000000000000e+02 5.000000000000000000e+00
7.740000000000000000e+02 2.000000000000000000e+00
7.810000000000000000e+02 1.000000000000000000e+00
7.890000000000000000e+02 0.000000000000000000e+00
7.920000000000000000e+02 0.000000000000000000e+00
7.980000000000000000e+02 0.000000000000000000e+00
7.990000000000000000e+02 0.000000000000000000e+00
