4.000000000000000000e+00 1.719000000000000000e+03
6.600000000000000000e+01 1.171000000000000000e+03
1.570000000000000000e+02 7.690000000000000000e+02
2.330000000000000000e+02 5.020000000000000000e+02
3.120000000000000000e+02 3.000000000000000000e+02
3.880000000000000000e+02 1.690000000000000000e+02
4.840000000000000000e+02 9.300000000000000000e+01
5.610000000000000000e+02 4.400000000000000000e+01
6.140000000000000000e+02 3.000000000000000000e+01
6.630000000000000000e+02 1.800000000000000000e+01
7.080000000000000000e+02 1.100000000000000000e+01
7.380000000000000000e+02 6.000000000000000000e+00
7.540000000000000000e+02 1.000000000000000000e+00
7.680000000000000000e+02 0.000000000000000000e+00
7.800000000000000000e+02 0.000000000000000000e+00
7.850000000000000000e+02 0.000000000000000000e+00
7.900000000000000000e+02 0.000000000000000000e+00
7.910000000000000000e+02 0.000000000000000000e+00
7.930000000000000000e+02 0.000000000000000000e+00
