2.000000000000000000e+00 1.336600000000000000e+04
7.300000000000000000e+01 9.785000000000000000e+03
8.000000000000000000e+01 7.091000000000000000e+03
8.500000000000000000e+01 4.798000000000000000e+03
1.120000000000000000e+02 3.143000000000000000e+03
1.610000000000000000e+02 1.991000000000000000e+03
2.410000000000000000e+02 1.187000000000000000e+03
3.370000000000000000e+02 7.270000000000000000e+02
4.070000000000000000e+02 4.220000000000000000e+02
4.830000000000000000e+02 2.330000000000000000e+02
5.450000000000000000e+02 1.250000000000000000e+02
6.030000000000000000e+02 5.300000000000000000e+01
6.440000000000000000e+02 2.300000000000000000e+01
6.810000000000000000e+02 9.000000000000000000e+00
7.130000000000000000e+02 4.000000000000000000e+00
7.370000000000000000e+02 3.000000000000000000e+00
7.540000000000000000e+02 0.000000000000000000e+00
7.740000000000000000e+02 0.000000000000000000e+00
7.820000000000000000e+02 0.000000000000000000e+00
