1.000000000000000000e+00 1.671100000000000000e+04
1.000000000000000000e+00 9.985000000000000000e+03
7.000000000000000000e+00 6.173000000000000000e+03
5.900000000000000000e+01 3.755000000000000000e+03
1.700000000000000000e+02 2.304000000000000000e+03
3.090000000000000000e+02 1.479000000000000000e+03
4.100000000000000000e+02 9.460000000000000000e+02
4.990000000000000000e+02 5.990000000000000000e+02
5.630000000000000000e+02 3.680000000000000000e+02
6.090000000000000000e+02 2.200000000000000000e+02
6.490000000000000000e+02 1.080000000000000000e+02
6.940000000000000000e+02 5.100000000000000000e+01
7.300000000000000000e+02 2.000000000000000000e+01
7.550000000000000000e+02 8.000000000000000000e+00
7.900000000000000000e+02 4.000000000000000000e+00
8.080000000000000000e+02 2.000000000000000000e+00
8.120000000000000000e+02 1.000000000000000000e+00
8.150000000000000000e+02 1.000000000000000000e+00
8.170000000000000000e+02 1.000000000000000000e+00
