1.000000000000000000e+00 3.608000000000000000e+03
8.300000000000000000e+01 2.201000000000000000e+03
2.420000000000000000e+02 1.513000000000000000e+03
3.380000000000000000e+02 1.015000000000000000e+03
3.830000000000000000e+02 6.600000000000000000e+02
4.260000000000000000e+02 3.930000000000000000e+02
4.820000000000000000e+02 2.260000000000000000e+02
5.410000000000000000e+02 1.340000000000000000e+02
5.920000000000000000e+02 7.300000000000000000e+01
6.530000000000000000e+02 4.700000000000000000e+01
7.050000000000000000e+02 2.100000000000000000e+01
7.420000000000000000e+02 7.000000000000000000e+00
7.650000000000000000e+02 3.000000000000000000e+00
7.810000000000000000e+02 1.000000000000000000e+00
7.900000000000000000e+02 0.000000000000000000e+00
7.950000000000000000e+02 0.000000000000000000e+00
7.990000000000000000e+02 0.000000000000000000e+00
7.990000000000000000e+02 0.000000000000000000e+00
8.000000000000000000e+02 0.000000000000000000e+00
