1.000000000000000000e+00 3.034000000000000000e+04
1.000000000000000000e+00 2.356000000000000000e+04
1.000000000000000000e+00 1.731900000000000000e+04
1.000000000000000000e+00 1.168900000000000000e+04
2.000000000000000000e+00 7.243000000000000000e+03
1.800000000000000000e+01 4.339000000000000000e+03
7.800000000000000000e+01 2.441000000000000000e+03
2.080000000000000000e+02 1.372000000000000000e+03
3.610000000000000000e+02 7.400000000000000000e+02
4.980000000000000000e+02 3.640000000000000000e+02
5.940000000000000000e+02 1.750000000000000000e+02
6.680000000000000000e+02 7.400000000000000000e+01
7.150000000000000000e+02 2.200000000000000000e+01
7.720000000000000000e+02 2.000000000000000000e+00
8.060000000000000000e+02 0.000000000000000000e+00
8.270000000000000000e+02 0.000000000000000000e+00
8.400000000000000000e+02 0.000000000000000000e+00
8.420000000000000000e+02 0.000000000000000000e+00
8.420000000000000000e+02 0.000000000000000000e+00
