2.000000000000000000e+00 1.263600000000000000e+04
7.400000000000000000e+01 8.760000000000000000e+03
7.600000000000000000e+01 6.049000000000000000e+03
9.500000000000000000e+01 4.038000000000000000e+03
1.520000000000000000e+02 2.637000000000000000e+03
2.340000000000000000e+02 1.679000000000000000e+03
3.420000000000000000e+02 1.079000000000000000e+03
4.240000000000000000e+02 6.710000000000000000e+02
5.030000000000000000e+02 4.140000000000000000e+02
5.630000000000000000e+02 2.630000000000000000e+02
6.170000000000000000e+02 1.710000000000000000e+02
6.610000000000000000e+02 1.080000000000000000e+02
6.960000000000000000e+02 7.700000000000000000e+01
7.150000000000000000e+02 4.100000000000000000e+01
7.330000000000000000e+02 2.000000000000000000e+01
7.490000000000000000e+02 1.300000000000000000e+01
7.690000000000000000e+02 8.000000000000000000e+00
7.820000000000000000e+02 2.000000000000000000e+00
7.950000000000000000e+02 2.000000000000000000e+00
