3.900000000000000000e+01 4.312000000000000000e+03
7.000000000000000000e+01 3.416000000000000000e+03
7.600000000000000000e+01 2.687000000000000000e+03
9.700000000000000000e+01 2.083000000000000000e+03
1.380000000000000000e+02 1.659000000000000000e+03
1.970000000000000000e+02 1.270000000000000000e+03
2.630000000000000000e+02 9.910000000000000000e+02
3.260000000000000000e+02 7.570000000000000000e+02
3.810000000000000000e+02 6.100000000000000000e+02
4.340000000000000000e+02 4.810000000000000000e+02
4.740000000000000000e+02 3.680000000000000000e+02
5.150000000000000000e+02 2.880000000000000000e+02
5.550000000000000000e+02 2.130000000000000000e+02
5.890000000000000000e+02 1.650000000000000000e+02
6.080000000000000000e+02 1.260000000000000000e+02
6.260000000000000000e+02 9.900000000000000000e+01
6.500000000000000000e+02 7.400000000000000000e+01
6.610000000000000000e+02 5.500000000000000000e+01
6.810000000000000000e+02 4.100000000000000000e+01
