1.000000000000000000e+00 1.240200000000000000e+04
2.000000000000000000e+00 7.376000000000000000e+03
2.400000000000000000e+01 4.418000000000000000e+03
1.370000000000000000e+02 2.667000000000000000e+03
2.740000000000000000e+02 1.638000000000000000e+03
4.110000000000000000e+02 1.038000000000000000e+03
5.150000000000000000e+02 7.020000000000000000e+02
5.940000000000000000e+02 4.490000000000000000e+02
6.350000000000000000e+02 2.690000000000000000e+02
6.670000000000000000e+02 1.550000000000000000e+02
6.990000000000000000e+02 7.300000000000000000e+01
7.350000000000000000e+02 3.700000000000000000e+01
7.600000000000000000e+02 1.300000000000000000e+01
7.780000000000000000e+02 7.000000000000000000e+00
7.950000000000000000e+02 2.000000000000000000e+00
8.070000000000000000e+02 0.000000000000000000e+00
8.090000000000000000e+02 0.000000000000000000e+00
8.110000000000000000e+02 0.000000000000000000e+00
8.110000000000000000e+02 0.000000000000000000e+00
