7.000000000000000000e+00 2.465000000000000000e+03
2.620000000000000000e+02 4.370000000000000000e+02
6.120000000000000000e+02 1.190000000000000000e+02
7.630000000000000000e+02 7.700000000000000000e+01
7.740000000000000000e+02 5.900000000000000000e+01
7.740000000000000000e+02 4.500000000000000000e+01
7.770000000000000000e+02 3.100000000000000000e+01
7.800000000000000000e+02 2.200000000000000000e+01
7.820000000000000000e+02 1.000000000000000000e+01
7.830000000000000000e+02 7.000000000000000000e+00
7.860000000000000000e+02 4.000000000000000000e+00
7.890000000000000000e+02 2.000000000000000000e+00
7.900000000000000000e+02 1.000000000000000000e+00
7.920000000000000000e+02 0.000000000000000000e+00
7.950000000000000000e+02 0.000000000000000000e+00
7.990000000000000000e+02 0.000000000000000000e+00
8.000000000000000000e+02 0.000000000000000000e+00
8.010000000000000000e+02 0.000000000000000000e+00
8.020000000000000000e+02 0.000000000000000000e+00
