1.000000000000000000e+00 1.731100000000000000e+04
1.000000000000000000e+00 1.069400000000000000e+04
3.000000000000000000e+00 6.517000000000000000e+03
3.800000000000000000e+01 3.961000000000000000e+03
1.300000000000000000e+02 2.377000000000000000e+03
2.810000000000000000e+02 1.509000000000000000e+03
3.920000000000000000e+02 9.140000000000000000e+02
4.880000000000000000e+02 5.410000000000000000e+02
5.620000000000000000e+02 3.000000000000000000e+02
6.170000000000000000e+02 1.640000000000000000e+02
6.680000000000000000e+02 7.000000000000000000e+01
7.120000000000000000e+02 2.600000000000000000e+01
7.470000000000000000e+02 5.000000000000000000e+00
7.750000000000000000e+02 2.000000000000000000e+00
7.990000000000000000e+02 1.000000000000000000e+00
8.070000000000000000e+02 1.000000000000000000e+00
8.130000000000000000e+02 1.000000000000000000e+00
8.150000000000000000e+02 1.000000000000000000e+00
8.180000000000000000e+02 1.000000000000000000e+00
