4.700000000000000000e+01 1.725500000000000000e+04
7.700000000000000000e+01 1.243200000000000000e+04
8.300000000000000000e+01 8.991000000000000000e+03
9.500000000000000000e+01 6.368000000000000000e+03
1.300000000000000000e+02 4.491000000000000000e+03
1.810000000000000000e+02 3.164000000000000000e+03
2.440000000000000000e+02 2.206000000000000000e+03
3.200000000000000000e+02 1.554000000000000000e+03
3.890000000000000000e+02 1.103000000000000000e+03
4.580000000000000000e+02 7.700000000000000000e+02
5.220000000000000000e+02 5.450000000000000000e+02
5.580000000000000000e+02 3.900000000000000000e+02
5.950000000000000000e+02 2.690000000000000000e+02
6.220000000000000000e+02 1.820000000000000000e+02
6.420000000000000000e+02 1.160000000000000000e+02
6.680000000000000000e+02 6.700000000000000000e+01
6.870000000000000000e+02 3.700000000000000000e+01
7.010000000000000000e+02 2.300000000000000000e+01
7.320000000000000000e+02 1.200000000000000000e+01
