1.000000000000000000e+00 3.713000000000000000e+03
2.000000000000000000e+01 2.148000000000000000e+03
9.100000000000000000e+01 1.242000000000000000e+03
2.250000000000000000e+02 7.230000000000000000e+02
3.510000000000000000e+02 4.360000000000000000e+02
4.600000000000000000e+02 2.440000000000000000e+02
5.630000000000000000e+02 1.370000000000000000e+02
6.260000000000000000e+02 8.000000000000000000e+01
6.710000000000000000e+02 5.300000000000000000e+01
7.060000000000000000e+02 3.400000000000000000e+01
7.310000000000000000e+02 2.200000000000000000e+01
7.520000000000000000e+02 1.600000000000000000e+01
7.610000000000000000e+02 8.000000000000000000e+00
7.740000000000000000e+02 4.000000000000000000e+00
7.850000000000000000e+02 2.000000000000000000e+00
7.870000000000000000e+02 2.000000000000000000e+00
7.950000000000000000e+02 1.000000000000000000e+00
7.960000000000000000e+02 1.000000000000000000e+00
7.960000000000000000e+02 0.000000000000000000e+00
