1.000000000000000000e+00 2.039600000000000000e+04
1.000000000000000000e+00 1.178500000000000000e+04
8.000000000000000000e+00 6.773000000000000000e+03
1.110000000000000000e+02 3.756000000000000000e+03
2.530000000000000000e+02 2.167000000000000000e+03
3.810000000000000000e+02 1.235000000000000000e+03
4.800000000000000000e+02 6.810000000000000000e+02
5.450000000000000000e+02 3.460000000000000000e+02
6.130000000000000000e+02 1.520000000000000000e+02
6.680000000000000000e+02 6.400000000000000000e+01
7.270000000000000000e+02 2.600000000000000000e+01
7.700000000000000000e+02 8.000000000000000000e+00
7.970000000000000000e+02 3.000000000000000000e+00
8.120000000000000000e+02 0.000000000000000000e+00
8.210000000000000000e+02 0.000000000000000000e+00
8.300000000000000000e+02 0.000000000000000000e+00
8.310000000000000000e+02 0.000000000000000000e+00
8.330000000000000000e+02 0.000000000000000000e+00
8.340000000000000000e+02 0.000000000000000000e+00
