1.000000000000000000e+00 1.971200000000000000e+04
1.000000000000000000e+00 1.066600000000000000e+04
5.100000000000000000e+01 5.514000000000000000e+03
1.970000000000000000e+02 2.877000000000000000e+03
3.330000000000000000e+02 1.488000000000000000e+03
4.780000000000000000e+02 7.820000000000000000e+02
5.750000000000000000e+02 3.860000000000000000e+02
6.570000000000000000e+02 1.810000000000000000e+02
7.050000000000000000e+02 6.800000000000000000e+01
7.520000000000000000e+02 2.600000000000000000e+01
7.830000000000000000e+02 9.000000000000000000e+00
8.070000000000000000e+02 1.000000000000000000e+00
8.170000000000000000e+02 0.000000000000000000e+00
8.210000000000000000e+02 0.000000000000000000e+00
8.250000000000000000e+02 0.000000000000000000e+00
8.330000000000000000e+02 0.000000000000000000e+00
8.340000000000000000e+02 0.000000000000000000e+00
8.340000000000000000e+02 0.000000000000000000e+00
8.340000000000000000e+02 0.000000000000000000e+00
