1.000000000000000000e+00 1.321700000000000000e+04
2.800000000000000000e+01 8.702000000000000000e+03
8.500000000000000000e+01 5.426000000000000000e+03
1.660000000000000000e+02 3.425000000000000000e+03
2.470000000000000000e+02 2.061000000000000000e+03
3.330000000000000000e+02 1.197000000000000000e+03
4.140000000000000000e+02 6.710000000000000000e+02
5.030000000000000000e+02 3.660000000000000000e+02
5.710000000000000000e+02 1.900000000000000000e+02
6.270000000000000000e+02 1.100000000000000000e+02
6.800000000000000000e+02 4.900000000000000000e+01
7.170000000000000000e+02 1.800000000000000000e+01
7.430000000000000000e+02 3.000000000000000000e+00
7.640000000000000000e+02 0.000000000000000000e+00
7.860000000000000000e+02 0.000000000000000000e+00
7.990000000000000000e+02 0.000000000000000000e+00
8.080000000000000000e+02 0.000000000000000000e+00
8.130000000000000000e+02 0.000000000000000000e+00
8.140000000000000000e+02 0.000000000000000000e+00
