1.000000000000000000e+00 3.717000000000000000e+03
7.900000000000000000e+01 2.362000000000000000e+03
1.340000000000000000e+02 1.438000000000000000e+03
2.550000000000000000e+02 8.350000000000000000e+02
4.020000000000000000e+02 4.750000000000000000e+02
5.110000000000000000e+02 2.630000000000000000e+02
5.990000000000000000e+02 1.530000000000000000e+02
6.680000000000000000e+02 8.400000000000000000e+01
7.100000000000000000e+02 5.000000000000000000e+01
7.370000000000000000e+02 2.300000000000000000e+01
7.560000000000000000e+02 1.500000000000000000e+01
7.670000000000000000e+02 8.000000000000000000e+00
7.720000000000000000e+02 4.000000000000000000e+00
7.790000000000000000e+02 1.000000000000000000e+00
7.830000000000000000e+02 0.000000000000000000e+00
7.870000000000000000e+02 0.000000000000000000e+00
7.910000000000000000e+02 0.000000000000000000e+00
7.940000000000000000e+02 0.000000000000000000e+00
7.990000000000000000e+02 0.000000000000000000e+00
