1.000000000000000000e+00 7.761000000000000000e+03
2.020000000000000000e+02 9.290000000000000000e+02
7.580000000000000000e+02 3.060000000000000000e+02
7.760000000000000000e+02 2.490000000000000000e+02
7.760000000000000000e+02 1.890000000000000000e+02
7.760000000000000000e+02 1.280000000000000000e+02
7.760000000000000000e+02 9.100000000000000000e+01
7.780000000000000000e+02 4.000000000000000000e+01
7.870000000000000000e+02 9.000000000000000000e+00
7.990000000000000000e+02 3.000000000000000000e+00
8.060000000000000000e+02 0.000000000000000000e+00
8.100000000000000000e+02 0.000000000000000000e+00
8.120000000000000000e+02 0.000000000000000000e+00
8.150000000000000000e+02 0.000000000000000000e+00
8.170000000000000000e+02 0.000000000000000000e+00
8.180000000000000000e+02 0.000000000000000000e+00
8.180000000000000000e+02 0.000000000000000000e+00
8.180000000000000000e+02 0.000000000000000000e+00
8.180000000000000000e+02 0.000000000000000000e+00
