1.000000000000000000e+00 1.461500000000000000e+04
1.000000000000000000e+00 1.105500000000000000e+04
1.000000000000000000e+00 7.756000000000000000e+03
3.000000000000000000e+00 4.786000000000000000e+03
1.900000000000000000e+01 2.759000000000000000e+03
1.020000000000000000e+02 1.565000000000000000e+03
2.580000000000000000e+02 8.040000000000000000e+02
4.120000000000000000e+02 3.940000000000000000e+02
5.430000000000000000e+02 1.850000000000000000e+02
6.380000000000000000e+02 6.700000000000000000e+01
7.020000000000000000e+02 2.200000000000000000e+01
7.510000000000000000e+02 1.000000000000000000e+00
7.820000000000000000e+02 0.000000000000000000e+00
7.950000000000000000e+02 0.000000000000000000e+00
8.070000000000000000e+02 0.000000000000000000e+00
8.150000000000000000e+02 0.000000000000000000e+00
8.150000000000000000e+02 0.000000000000000000e+00
8.160000000000000000e+02 0.000000000000000000e+00
8.180000000000000000e+02 0.000000000000000000e+00
