1.000000000000000000e+00 6.342000000000000000e+03
5.900000000000000000e+01 4.161000000000000000e+03
9.300000000000000000e+01 2.661000000000000000e+03
1.730000000000000000e+02 1.549000000000000000e+03
2.780000000000000000e+02 9.000000000000000000e+02
4.210000000000000000e+02 4.630000000000000000e+02
5.300000000000000000e+02 2.410000000000000000e+02
6.240000000000000000e+02 1.290000000000000000e+02
6.820000000000000000e+02 7.000000000000000000e+01
7.180000000000000000e+02 3.400000000000000000e+01
7.550000000000000000e+02 1.300000000000000000e+01
7.640000000000000000e+02 4.000000000000000000e+00
7.770000000000000000e+02 0.000000000000000000e+00
7.910000000000000000e+02 0.000000000000000000e+00
7.930000000000000000e+02 0.000000000000000000e+00
8.000000000000000000e+02 0.000000000000000000e+00
8.030000000000000000e+02 0.000000000000000000e+00
8.040000000000000000e+02 0.000000000000000000e+00
8.060000000000000000e+02 0.000000000000000000e+00
