1.000000000000000000e+00 8.105000000000000000e+03
3.000000000000000000e+00 4.976000000000000000e+03
3.900000000000000000e+01 2.847000000000000000e+03
1.900000000000000000e+02 1.624000000000000000e+03
3.600000000000000000e+02 9.920000000000000000e+02
4.820000000000000000e+02 6.230000000000000000e+02
5.690000000000000000e+02 3.850000000000000000e+02
6.160000000000000000e+02 2.400000000000000000e+02
6.550000000000000000e+02 1.350000000000000000e+02
6.990000000000000000e+02 7.600000000000000000e+01
7.280000000000000000e+02 3.900000000000000000e+01
7.520000000000000000e+02 2.300000000000000000e+01
7.670000000000000000e+02 1.200000000000000000e+01
7.770000000000000000e+02 4.000000000000000000e+00
7.870000000000000000e+02 2.000000000000000000e+00
7.910000000000000000e+02 0.000000000000000000e+00
8.000000000000000000e+02 0.000000000000000000e+00
8.030000000000000000e+02 0.000000000000000000e+00
8.050000000000000000e+02 0.000000000000000000e+00
