1.000000000000000000e+00 6.383000000000000000e+03
3.200000000000000000e+01 4.341000000000000000e+03
8.400000000000000000e+01 2.858000000000000000e+03
1.450000000000000000e+02 1.763000000000000000e+03
2.400000000000000000e+02 1.078000000000000000e+03
3.570000000000000000e+02 6.710000000000000000e+02
4.460000000000000000e+02 4.140000000000000000e+02
5.440000000000000000e+02 2.370000000000000000e+02
6.180000000000000000e+02 1.240000000000000000e+02
6.720000000000000000e+02 5.700000000000000000e+01
7.150000000000000000e+02 3.200000000000000000e+01
7.440000000000000000e+02 1.300000000000000000e+01
7.680000000000000000e+02 0.000000000000000000e+00
7.840000000000000000e+02 0.000000000000000000e+00
7.900000000000000000e+02 0.000000000000000000e+00
7.990000000000000000e+02 0.000000000000000000e+00
8.030000000000000000e+02 0.000000000000000000e+00
8.040000000000000000e+02 0.000000000000000000e+00
8.060000000000000000e+02 0.000000000000000000e+00
