1.000000000000000000e+00 8.438000000000000000e+03
3.400000000000000000e+01 5.265000000000000000e+03
9.100000000000000000e+01 3.150000000000000000e+03
1.600000000000000000e+02 1.797000000000000000e+03
2.810000000000000000e+02 9.440000000000000000e+02
3.960000000000000000e+02 4.870000000000000000e+02
5.270000000000000000e+02 2.510000000000000000e+02
6.160000000000000000e+02 1.330000000000000000e+02
6.740000000000000000e+02 7.100000000000000000e+01
7.140000000000000000e+02 3.900000000000000000e+01
7.360000000000000000e+02 2.300000000000000000e+01
7.530000000000000000e+02 6.000000000000000000e+00
7.700000000000000000e+02 1.000000000000000000e+00
7.830000000000000000e+02 0.000000000000000000e+00
7.950000000000000000e+02 0.000000000000000000e+00
7.990000000000000000e+02 0.000000000000000000e+00
8.050000000000000000e+02 0.000000000000000000e+00
8.070000000000000000e+02 0.000000000000000000e+00
8.090000000000000000e+02 0.000000000000000000e+00
