1.000000000000000000e+00 3.396500000000000000e+04
7.100000000000000000e+01 2.035300000000000000e+04
8.500000000000000000e+01 1.196200000000000000e+04
1.070000000000000000e+02 6.507000000000000000e+03
1.490000000000000000e+02 3.306000000000000000e+03
2.370000000000000000e+02 1.581000000000000000e+03
3.460000000000000000e+02 6.910000000000000000e+02
4.820000000000000000e+02 3.010000000000000000e+02
5.670000000000000000e+02 1.170000000000000000e+02
6.510000000000000000e+02 5.000000000000000000e+01
7.120000000000000000e+02 1.800000000000000000e+01
7.610000000000000000e+02 8.000000000000000000e+00
7.950000000000000000e+02 3.000000000000000000e+00
8.130000000000000000e+02 1.000000000000000000e+00
8.290000000000000000e+02 0.000000000000000000e+00
8.450000000000000000e+02 0.000000000000000000e+00
8.500000000000000000e+02 0.000000000000000000e+00
8.540000000000000000e+02 0.000000000000000000e+00
8.560000000000000000e+02 0.000000000000000000e+00
