1.000000000000000000e+00 1.317600000000000000e+04
1.000000000000000000e+00 8.537000000000000000e+03
5.000000000000000000e+00 4.941000000000000000e+03
5.400000000000000000e+01 2.830000000000000000e+03
1.720000000000000000e+02 1.624000000000000000e+03
3.420000000000000000e+02 9.470000000000000000e+02
4.890000000000000000e+02 5.250000000000000000e+02
5.810000000000000000e+02 2.610000000000000000e+02
6.540000000000000000e+02 1.200000000000000000e+02
7.090000000000000000e+02 5.600000000000000000e+01
7.390000000000000000e+02 2.400000000000000000e+01
7.700000000000000000e+02 5.000000000000000000e+00
7.870000000000000000e+02 1.000000000000000000e+00
8.010000000000000000e+02 0.000000000000000000e+00
8.060000000000000000e+02 0.000000000000000000e+00
8.110000000000000000e+02 0.000000000000000000e+00
8.120000000000000000e+02 0.000000000000000000e+00
8.150000000000000000e+02 0.000000000000000000e+00
8.150000000000000000e+02 0.000000000000000000e+00
