1.000000000000000000e+00 3.058700000000000000e+04
1.000000000000000000e+00 2.409400000000000000e+04
1.000000000000000000e+00 1.788200000000000000e+04
1.000000000000000000e+00 1.235000000000000000e+04
2.000000000000000000e+00 7.776000000000000000e+03
1.200000000000000000e+01 4.634000000000000000e+03
6.500000000000000000e+01 2.631000000000000000e+03
1.800000000000000000e+02 1.459000000000000000e+03
3.350000000000000000e+02 7.710000000000000000e+02
4.880000000000000000e+02 3.790000000000000000e+02
5.830000000000000000e+02 1.750000000000000000e+02
6.590000000000000000e+02 6.800000000000000000e+01
7.170000000000000000e+02 2.500000000000000000e+01
7.780000000000000000e+02 3.000000000000000000e+00
8.070000000000000000e+02 1.000000000000000000e+00
8.250000000000000000e+02 0.000000000000000000e+00
8.370000000000000000e+02 0.000000000000000000e+00
8.420000000000000000e+02 0.000000000000000000e+00
8.420000000000000000e+02 0.000000000000000000e+00
