1.000000000000000000e+00 1.975000000000000000e+04
3.000000000000000000e+00 1.081200000000000000e+04
9.600000000000000000e+01 5.689000000000000000e+03
2.320000000000000000e+02 3.056000000000000000e+03
3.630000000000000000e+02 1.599000000000000000e+03
4.800000000000000000e+02 8.730000000000000000e+02
5.860000000000000000e+02 4.610000000000000000e+02
6.470000000000000000e+02 2.370000000000000000e+02
6.940000000000000000e+02 1.210000000000000000e+02
7.370000000000000000e+02 4.900000000000000000e+01
7.710000000000000000e+02 1.700000000000000000e+01
8.000000000000000000e+02 9.000000000000000000e+00
8.110000000000000000e+02 1.000000000000000000e+00
8.180000000000000000e+02 0.000000000000000000e+00
8.230000000000000000e+02 0.000000000000000000e+00
8.270000000000000000e+02 0.000000000000000000e+00
8.280000000000000000e+02 0.000000000000000000e+00
8.300000000000000000e+02 0.000000000000000000e+00
8.340000000000000000e+02 0.000000000000000000e+00
