1.000000000000000000e+00 2.064300000000000000e+04
1.000000000000000000e+00 1.226800000000000000e+04
4.000000000000000000e+00 7.314000000000000000e+03
8.100000000000000000e+01 4.217000000000000000e+03
2.220000000000000000e+02 2.492000000000000000e+03
3.510000000000000000e+02 1.533000000000000000e+03
4.520000000000000000e+02 9.180000000000000000e+02
5.150000000000000000e+02 5.020000000000000000e+02
5.720000000000000000e+02 2.530000000000000000e+02
6.400000000000000000e+02 1.140000000000000000e+02
6.870000000000000000e+02 4.900000000000000000e+01
7.330000000000000000e+02 1.600000000000000000e+01
7.720000000000000000e+02 4.000000000000000000e+00
7.970000000000000000e+02 3.000000000000000000e+00
8.090000000000000000e+02 1.000000000000000000e+00
8.200000000000000000e+02 0.000000000000000000e+00
8.250000000000000000e+02 0.000000000000000000e+00
8.300000000000000000e+02 0.000000000000000000e+00
8.330000000000000000e+02 0.000000000000000000e+00
