1.000000000000000000e+00 3.329800000000000000e+04
2.800000000000000000e+01 1.916900000000000000e+04
8.700000000000000000e+01 1.074100000000000000e+04
1.120000000000000000e+02 5.440000000000000000e+03
1.770000000000000000e+02 2.563000000000000000e+03
2.840000000000000000e+02 1.220000000000000000e+03
4.030000000000000000e+02 5.440000000000000000e+02
5.220000000000000000e+02 2.280000000000000000e+02
6.140000000000000000e+02 1.040000000000000000e+02
6.960000000000000000e+02 4.400000000000000000e+01
7.590000000000000000e+02 9.000000000000000000e+00
7.900000000000000000e+02 1.000000000000000000e+00
8.170000000000000000e+02 0.000000000000000000e+00
8.350000000000000000e+02 0.000000000000000000e+00
8.430000000000000000e+02 0.000000000000000000e+00
8.470000000000000000e+02 0.000000000000000000e+00
8.490000000000000000e+02 0.000000000000000000e+00
8.520000000000000000e+02 0.000000000000000000e+00
8.560000000000000000e+02 0.000000000000000000e+00
