2.000000000000000000e+00 3.689000000000000000e+03
5.600000000000000000e+01 2.239000000000000000e+03
1.780000000000000000e+02 1.371000000000000000e+03
3.020000000000000000e+02 8.700000000000000000e+02
3.770000000000000000e+02 5.500000000000000000e+02
4.400000000000000000e+02 3.250000000000000000e+02
5.080000000000000000e+02 1.980000000000000000e+02
5.840000000000000000e+02 1.010000000000000000e+02
6.470000000000000000e+02 5.800000000000000000e+01
6.950000000000000000e+02 3.000000000000000000e+01
7.370000000000000000e+02 1.400000000000000000e+01
7.650000000000000000e+02 8.000000000000000000e+00
7.790000000000000000e+02 2.000000000000000000e+00
7.860000000000000000e+02 1.000000000000000000e+00
7.910000000000000000e+02 0.000000000000000000e+00
7.940000000000000000e+02 0.000000000000000000e+00
7.970000000000000000e+02 0.000000000000000000e+00
8.000000000000000000e+02 0.000000000000000000e+00
8.020000000000000000e+02 0.000000000000000000e+00
