1.000000000000000000e+00 2.175600000000000000e+04
1.000000000000000000e+00 1.026500000000000000e+04
4.000000000000000000e+01 4.638000000000000000e+03
2.190000000000000000e+02 2.079000000000000000e+03
4.220000000000000000e+02 9.590000000000000000e+02
5.770000000000000000e+02 4.860000000000000000e+02
6.930000000000000000e+02 2.750000000000000000e+02
7.380000000000000000e+02 1.680000000000000000e+02
7.710000000000000000e+02 1.040000000000000000e+02
7.800000000000000000e+02 6.600000000000000000e+01
7.870000000000000000e+02 3.900000000000000000e+01
7.940000000000000000e+02 1.800000000000000000e+01
8.020000000000000000e+02 4.000000000000000000e+00
8.120000000000000000e+02 2.000000000000000000e+00
8.240000000000000000e+02 0.000000000000000000e+00
8.300000000000000000e+02 0.000000000000000000e+00
8.350000000000000000e+02 0.000000000000000000e+00
8.400000000000000000e+02 0.000000000000000000e+00
8.410000000000000000e+02 0.000000000000000000e+00
