1.000000000000000000e+00 2.023100000000000000e+04
1.000000000000000000e+00 1.152000000000000000e+04
1.400000000000000000e+01 6.428000000000000000e+03
1.230000000000000000e+02 3.475000000000000000e+03
2.690000000000000000e+02 1.993000000000000000e+03
4.030000000000000000e+02 1.109000000000000000e+03
4.960000000000000000e+02 5.890000000000000000e+02
5.680000000000000000e+02 2.830000000000000000e+02
6.350000000000000000e+02 1.220000000000000000e+02
6.960000000000000000e+02 5.000000000000000000e+01
7.420000000000000000e+02 1.300000000000000000e+01
7.820000000000000000e+02 5.000000000000000000e+00
8.030000000000000000e+02 1.000000000000000000e+00
8.160000000000000000e+02 0.000000000000000000e+00
8.250000000000000000e+02 0.000000000000000000e+00
8.310000000000000000e+02 0.000000000000000000e+00
8.310000000000000000e+02 0.000000000000000000e+00
8.330000000000000000e+02 0.000000000000000000e+00
8.340000000000000000e+02 0.000000000000000000e+00
