1.000000000000000000e+00 1.207000000000000000e+04
7.400000000000000000e+01 6.947000000000000000e+03
9.500000000000000000e+01 3.795000000000000000e+03
1.800000000000000000e+02 1.930000000000000000e+03
3.060000000000000000e+02 8.990000000000000000e+02
4.580000000000000000e+02 4.190000000000000000e+02
5.780000000000000000e+02 2.010000000000000000e+02
6.540000000000000000e+02 9.200000000000000000e+01
7.110000000000000000e+02 2.800000000000000000e+01
7.490000000000000000e+02 9.000000000000000000e+00
7.660000000000000000e+02 1.000000000000000000e+00
7.800000000000000000e+02 0.000000000000000000e+00
7.930000000000000000e+02 0.000000000000000000e+00
8.010000000000000000e+02 0.000000000000000000e+00
8.100000000000000000e+02 0.000000000000000000e+00
8.110000000000000000e+02 0.000000000000000000e+00
8.130000000000000000e+02 0.000000000000000000e+00
8.160000000000000000e+02 0.000000000000000000e+00
8.170000000000000000e+02 0.000000000000000000e+00
