1.000000000000000000e+00 5.804000000000000000e+03
5.300000000000000000e+01 3.359000000000000000e+03
1.440000000000000000e+02 1.764000000000000000e+03
3.090000000000000000e+02 9.280000000000000000e+02
4.560000000000000000e+02 5.220000000000000000e+02
5.760000000000000000e+02 3.070000000000000000e+02
6.440000000000000000e+02 1.590000000000000000e+02
6.800000000000000000e+02 8.200000000000000000e+01
7.310000000000000000e+02 4.300000000000000000e+01
7.540000000000000000e+02 2.500000000000000000e+01
7.720000000000000000e+02 8.000000000000000000e+00
7.790000000000000000e+02 3.000000000000000000e+00
7.900000000000000000e+02 0.000000000000000000e+00
7.970000000000000000e+02 0.000000000000000000e+00
8.040000000000000000e+02 0.000000000000000000e+00
8.050000000000000000e+02 0.000000000000000000e+00
8.060000000000000000e+02 0.000000000000000000e+00
8.060000000000000000e+02 0.000000000000000000e+00
8.060000000000000000e+02 0.000000000000000000e+00
