1.000000000000000000e+00 8.043000000000000000e+03
2.000000000000000000e+00 4.866000000000000000e+03
4.900000000000000000e+01 2.741000000000000000e+03
2.120000000000000000e+02 1.553000000000000000e+03
3.710000000000000000e+02 9.270000000000000000e+02
4.990000000000000000e+02 5.660000000000000000e+02
5.720000000000000000e+02 3.300000000000000000e+02
6.260000000000000000e+02 2.010000000000000000e+02
6.700000000000000000e+02 1.070000000000000000e+02
7.050000000000000000e+02 4.800000000000000000e+01
7.430000000000000000e+02 2.200000000000000000e+01
7.630000000000000000e+02 1.100000000000000000e+01
7.800000000000000000e+02 3.000000000000000000e+00
7.910000000000000000e+02 0.000000000000000000e+00
7.980000000000000000e+02 0.000000000000000000e+00
8.010000000000000000e+02 0.000000000000000000e+00
8.040000000000000000e+02 0.000000000000000000e+00
8.060000000000000000e+02 0.000000000000000000e+00
8.090000000000000000e+02 0.000000000000000000e+00
