1.000000000000000000e+00 4.219000000000000000e+03
2.400000000000000000e+01 3.001000000000000000e+03
9.800000000000000000e+01 2.097000000000000000e+03
1.480000000000000000e+02 1.397000000000000000e+03
2.310000000000000000e+02 9.100000000000000000e+02
3.170000000000000000e+02 5.830000000000000000e+02
4.220000000000000000e+02 3.400000000000000000e+02
5.160000000000000000e+02 2.120000000000000000e+02
5.990000000000000000e+02 1.170000000000000000e+02
6.520000000000000000e+02 7.100000000000000000e+01
7.060000000000000000e+02 3.800000000000000000e+01
7.300000000000000000e+02 2.000000000000000000e+01
7.560000000000000000e+02 5.000000000000000000e+00
7.730000000000000000e+02 1.000000000000000000e+00
7.880000000000000000e+02 1.000000000000000000e+00
7.920000000000000000e+02 0.000000000000000000e+00
7.970000000000000000e+02 0.000000000000000000e+00
8.000000000000000000e+02 0.000000000000000000e+00
8.010000000000000000e+02 0.000000000000000000e+00
