1.000000000000000000e+00 4.471400000000000000e+04
3.200000000000000000e+01 2.154400000000000000e+04
1.050000000000000000e+02 8.910000000000000000e+03
2.060000000000000000e+02 3.610000000000000000e+03
3.730000000000000000e+02 1.538000000000000000e+03
5.470000000000000000e+02 6.690000000000000000e+02
6.520000000000000000e+02 2.660000000000000000e+02
7.240000000000000000e+02 8.600000000000000000e+01
7.770000000000000000e+02 3.100000000000000000e+01
8.100000000000000000e+02 8.000000000000000000e+00
8.480000000000000000e+02 0.000000000000000000e+00
8.650000000000000000e+02 0.000000000000000000e+00
8.770000000000000000e+02 0.000000000000000000e+00
8.840000000000000000e+02 0.000000000000000000e+00
8.880000000000000000e+02 0.000000000000000000e+00
8.890000000000000000e+02 0.000000000000000000e+00
8.890000000000000000e+02 0.000000000000000000e+00
8.890000000000000000e+02 0.000000000000000000e+00
8.890000000000000000e+02 0.000000000000000000e+00
