1.300000000000000000e+01 1.693000000000000000e+03
1.120000000000000000e+02 1.077000000000000000e+03
1.840000000000000000e+02 6.990000000000000000e+02
2.960000000000000000e+02 4.020000000000000000e+02
4.430000000000000000e+02 2.240000000000000000e+02
5.460000000000000000e+02 1.340000000000000000e+02
6.080000000000000000e+02 7.700000000000000000e+01
6.650000000000000000e+02 4.700000000000000000e+01
7.130000000000000000e+02 2.400000000000000000e+01
7.380000000000000000e+02 1.900000000000000000e+01
7.510000000000000000e+02 9.000000000000000000e+00
7.610000000000000000e+02 7.000000000000000000e+00
7.770000000000000000e+02 3.000000000000000000e+00
7.810000000000000000e+02 2.000000000000000000e+00
7.880000000000000000e+02 0.000000000000000000e+00
7.890000000000000000e+02 0.000000000000000000e+00
7.920000000000000000e+02 0.000000000000000000e+00
7.920000000000000000e+02 0.000000000000000000e+00
7.940000000000000000e+02 0.000000000000000000e+00
