1.000000000000000000e+00 2.215400000000000000e+04
1.000000000000000000e+00 1.080800000000000000e+04
2.700000000000000000e+01 5.139000000000000000e+03
1.770000000000000000e+02 2.418000000000000000e+03
3.700000000000000000e+02 1.164000000000000000e+03
5.420000000000000000e+02 5.630000000000000000e+02
6.590000000000000000e+02 3.030000000000000000e+02
7.150000000000000000e+02 1.700000000000000000e+02
7.590000000000000000e+02 1.020000000000000000e+02
7.760000000000000000e+02 6.400000000000000000e+01
7.880000000000000000e+02 3.600000000000000000e+01
7.970000000000000000e+02 1.600000000000000000e+01
8.020000000000000000e+02 4.000000000000000000e+00
8.190000000000000000e+02 1.000000000000000000e+00
8.250000000000000000e+02 0.000000000000000000e+00
8.320000000000000000e+02 0.000000000000000000e+00
8.350000000000000000e+02 0.000000000000000000e+00
8.390000000000000000e+02 0.000000000000000000e+00
8.400000000000000000e+02 0.000000000000000000e+00
