2.000000000000000000e+00 3.627000000000000000e+03
6.400000000000000000e+01 2.077000000000000000e+03
1.940000000000000000e+02 1.118000000000000000e+03
3.360000000000000000e+02 5.510000000000000000e+02
4.740000000000000000e+02 2.830000000000000000e+02
5.920000000000000000e+02 1.370000000000000000e+02
6.810000000000000000e+02 6.000000000000000000e+01
7.270000000000000000e+02 3.500000000000000000e+01
7.530000000000000000e+02 2.300000000000000000e+01
7.650000000000000000e+02 1.500000000000000000e+01
7.760000000000000000e+02 9.000000000000000000e+00
7.810000000000000000e+02 6.000000000000000000e+00
7.830000000000000000e+02 2.000000000000000000e+00
7.840000000000000000e+02 1.000000000000000000e+00
7.910000000000000000e+02 1.000000000000000000e+00
7.950000000000000000e+02 0.000000000000000000e+00
7.960000000000000000e+02 0.000000000000000000e+00
7.980000000000000000e+02 0.000000000000000000e+00
7.990000000000000000e+02 0.000000000000000000e+00
