1.000000000000000000e+00 1.318800000000000000e+04
1.000000000000000000e+00 8.569000000000000000e+03
5.000000000000000000e+00 4.997000000000000000e+03
4.900000000000000000e+01 2.896000000000000000e+03
1.720000000000000000e+02 1.667000000000000000e+03
3.310000000000000000e+02 9.830000000000000000e+02
4.760000000000000000e+02 5.710000000000000000e+02
5.740000000000000000e+02 2.880000000000000000e+02
6.430000000000000000e+02 1.340000000000000000e+02
6.970000000000000000e+02 7.000000000000000000e+01
7.340000000000000000e+02 2.600000000000000000e+01
7.660000000000000000e+02 7.000000000000000000e+00
7.840000000000000000e+02 2.000000000000000000e+00
7.990000000000000000e+02 0.000000000000000000e+00
8.060000000000000000e+02 0.000000000000000000e+00
8.110000000000000000e+02 0.000000000000000000e+00
8.120000000000000000e+02 0.000000000000000000e+00
8.150000000000000000e+02 0.000000000000000000e+00
8.150000000000000000e+02 0.000000000000000000e+00
