1.000000000000000000e+00 1.698400000000000000e+04
7.100000000000000000e+01 1.058400000000000000e+04
8.200000000000000000e+01 6.331000000000000000e+03
1.090000000000000000e+02 3.542000000000000000e+03
1.840000000000000000e+02 1.821000000000000000e+03
3.050000000000000000e+02 8.830000000000000000e+02
4.310000000000000000e+02 3.780000000000000000e+02
5.380000000000000000e+02 1.700000000000000000e+02
6.230000000000000000e+02 6.400000000000000000e+01
6.780000000000000000e+02 2.200000000000000000e+01
7.300000000000000000e+02 4.000000000000000000e+00
7.640000000000000000e+02 1.000000000000000000e+00
7.800000000000000000e+02 0.000000000000000000e+00
7.930000000000000000e+02 0.000000000000000000e+00
8.090000000000000000e+02 0.000000000000000000e+00
8.160000000000000000e+02 0.000000000000000000e+00
8.200000000000000000e+02 0.000000000000000000e+00
8.240000000000000000e+02 0.000000000000000000e+00
8.250000000000000000e+02 0.000000000000000000e+00
