1.000000000000000000e+00 4.330000000000000000e+03
2.100000000000000000e+01 3.207000000000000000e+03
5.100000000000000000e+01 2.263000000000000000e+03
1.320000000000000000e+02 1.598000000000000000e+03
1.890000000000000000e+02 1.096000000000000000e+03
2.350000000000000000e+02 7.050000000000000000e+02
3.270000000000000000e+02 4.330000000000000000e+02
4.310000000000000000e+02 2.480000000000000000e+02
5.190000000000000000e+02 1.290000000000000000e+02
5.980000000000000000e+02 6.600000000000000000e+01
6.610000000000000000e+02 2.500000000000000000e+01
7.090000000000000000e+02 1.000000000000000000e+01
7.440000000000000000e+02 2.000000000000000000e+00
7.650000000000000000e+02 0.000000000000000000e+00
7.860000000000000000e+02 0.000000000000000000e+00
7.910000000000000000e+02 0.000000000000000000e+00
7.970000000000000000e+02 0.000000000000000000e+00
7.990000000000000000e+02 0.000000000000000000e+00
8.000000000000000000e+02 0.000000000000000000e+00
