1.000000000000000000e+00 8.036000000000000000e+03
7.000000000000000000e+00 4.852000000000000000e+03
9.500000000000000000e+01 2.859000000000000000e+03
2.480000000000000000e+02 1.730000000000000000e+03
3.530000000000000000e+02 1.026000000000000000e+03
4.660000000000000000e+02 6.000000000000000000e+02
5.520000000000000000e+02 3.570000000000000000e+02
6.130000000000000000e+02 2.050000000000000000e+02
6.690000000000000000e+02 1.120000000000000000e+02
7.020000000000000000e+02 6.200000000000000000e+01
7.380000000000000000e+02 2.000000000000000000e+01
7.620000000000000000e+02 7.000000000000000000e+00
7.800000000000000000e+02 3.000000000000000000e+00
7.940000000000000000e+02 1.000000000000000000e+00
7.990000000000000000e+02 0.000000000000000000e+00
8.020000000000000000e+02 0.000000000000000000e+00
8.040000000000000000e+02 0.000000000000000000e+00
8.060000000000000000e+02 0.000000000000000000e+00
8.090000000000000000e+02 0.000000000000000000e+00
