1.500000000000000000e+01 1.502000000000000000e+03
1.330000000000000000e+02 8.390000000000000000e+02
2.660000000000000000e+02 4.460000000000000000e+02
4.220000000000000000e+02 2.300000000000000000e+02
5.640000000000000000e+02 9.200000000000000000e+01
6.690000000000000000e+02 4.400000000000000000e+01
7.320000000000000000e+02 2.700000000000000000e+01
7.610000000000000000e+02 1.900000000000000000e+01
7.750000000000000000e+02 1.100000000000000000e+01
7.800000000000000000e+02 8.000000000000000000e+00
7.830000000000000000e+02 4.000000000000000000e+00
7.850000000000000000e+02 4.000000000000000000e+00
7.860000000000000000e+02 2.000000000000000000e+00
7.890000000000000000e+02 1.000000000000000000e+00
7.910000000000000000e+02 0.000000000000000000e+00
7.920000000000000000e+02 0.000000000000000000e+00
7.960000000000000000e+02 0.000000000000000000e+00
7.960000000000000000e+02 0.000000000000000000e+00
7.960000000000000000e+02 0.000000000000000000e+00
