1.000000000000000000e+00 1.219000000000000000e+04
7.100000000000000000e+01 7.034000000000000000e+03
1.010000000000000000e+02 3.856000000000000000e+03
1.770000000000000000e+02 1.908000000000000000e+03
3.190000000000000000e+02 8.350000000000000000e+02
4.850000000000000000e+02 3.710000000000000000e+02
6.030000000000000000e+02 1.830000000000000000e+02
6.880000000000000000e+02 1.080000000000000000e+02
7.290000000000000000e+02 6.300000000000000000e+01
7.570000000000000000e+02 3.300000000000000000e+01
7.700000000000000000e+02 1.400000000000000000e+01
7.850000000000000000e+02 1.000000000000000000e+00
7.960000000000000000e+02 0.000000000000000000e+00
8.040000000000000000e+02 0.000000000000000000e+00
8.070000000000000000e+02 0.000000000000000000e+00
8.090000000000000000e+02 0.000000000000000000e+00
8.130000000000000000e+02 0.000000000000000000e+00
8.140000000000000000e+02 0.000000000000000000e+00
8.140000000000000000e+02 0.000000000000000000e+00
