1.000000000000000000e+00 5.624000000000000000e+03
5.700000000000000000e+01 3.246000000000000000e+03
1.500000000000000000e+02 1.682000000000000000e+03
3.400000000000000000e+02 8.700000000000000000e+02
4.930000000000000000e+02 4.720000000000000000e+02
5.920000000000000000e+02 2.840000000000000000e+02
6.600000000000000000e+02 1.670000000000000000e+02
7.090000000000000000e+02 9.700000000000000000e+01
7.310000000000000000e+02 5.200000000000000000e+01
7.560000000000000000e+02 3.400000000000000000e+01
7.760000000000000000e+02 2.500000000000000000e+01
7.790000000000000000e+02 1.600000000000000000e+01
7.840000000000000000e+02 1.200000000000000000e+01
7.860000000000000000e+02 6.000000000000000000e+00
7.870000000000000000e+02 2.000000000000000000e+00
7.920000000000000000e+02 0.000000000000000000e+00
7.980000000000000000e+02 0.000000000000000000e+00
8.030000000000000000e+02 0.000000000000000000e+00
8.040000000000000000e+02 0.000000000000000000e+00
