3.000000000000000000e+01 1.463500000000000000e+04
7.000000000000000000e+01 1.206300000000000000e+04
7.500000000000000000e+01 1.007200000000000000e+04
7.800000000000000000e+01 8.309000000000000000e+03
8.100000000000000000e+01 6.767000000000000000e+03
8.300000000000000000e+01 5.509000000000000000e+03
9.800000000000000000e+01 4.461000000000000000e+03
1.230000000000000000e+02 3.607000000000000000e+03
1.500000000000000000e+02 2.917000000000000000e+03
1.980000000000000000e+02 2.311000000000000000e+03
2.510000000000000000e+02 1.842000000000000000e+03
2.960000000000000000e+02 1.480000000000000000e+03
3.350000000000000000e+02 1.149000000000000000e+03
3.710000000000000000e+02 8.620000000000000000e+02
4.020000000000000000e+02 6.400000000000000000e+02
4.400000000000000000e+02 4.780000000000000000e+02
4.800000000000000000e+02 3.460000000000000000e+02
5.120000000000000000e+02 2.420000000000000000e+02
5.420000000000000000e+02 1.810000000000000000e+02
