6.500000000000000000e+01 5.902000000000000000e+03
7.400000000000000000e+01 4.058000000000000000e+03
9.800000000000000000e+01 2.693000000000000000e+03
1.860000000000000000e+02 1.815000000000000000e+03
3.020000000000000000e+02 1.210000000000000000e+03
3.840000000000000000e+02 7.770000000000000000e+02
4.630000000000000000e+02 5.410000000000000000e+02
5.170000000000000000e+02 3.510000000000000000e+02
5.770000000000000000e+02 2.070000000000000000e+02
6.210000000000000000e+02 1.220000000000000000e+02
6.680000000000000000e+02 7.800000000000000000e+01
6.990000000000000000e+02 3.800000000000000000e+01
7.240000000000000000e+02 1.700000000000000000e+01
7.490000000000000000e+02 7.000000000000000000e+00
7.600000000000000000e+02 6.000000000000000000e+00
7.770000000000000000e+02 3.000000000000000000e+00
7.860000000000000000e+02 1.000000000000000000e+00
7.940000000000000000e+02 0.000000000000000000e+00
8.000000000000000000e+02 0.000000000000000000e+00
