1.000000000000000000e+00 8.054000000000000000e+03
5.000000000000000000e+00 4.839000000000000000e+03
6.700000000000000000e+01 2.731000000000000000e+03
2.150000000000000000e+02 1.562000000000000000e+03
3.810000000000000000e+02 9.160000000000000000e+02
4.810000000000000000e+02 5.470000000000000000e+02
5.770000000000000000e+02 3.230000000000000000e+02
6.250000000000000000e+02 1.970000000000000000e+02
6.640000000000000000e+02 1.050000000000000000e+02
7.170000000000000000e+02 4.800000000000000000e+01
7.480000000000000000e+02 2.000000000000000000e+01
7.680000000000000000e+02 8.000000000000000000e+00
7.800000000000000000e+02 4.000000000000000000e+00
7.960000000000000000e+02 0.000000000000000000e+00
8.000000000000000000e+02 0.000000000000000000e+00
8.020000000000000000e+02 0.000000000000000000e+00
8.030000000000000000e+02 0.000000000000000000e+00
8.080000000000000000e+02 0.000000000000000000e+00
8.100000000000000000e+02 0.000000000000000000e+00
