1.000000000000000000e+00 2.596200000000000000e+04
7.400000000000000000e+01 1.739900000000000000e+04
8.000000000000000000e+01 1.138800000000000000e+04
9.500000000000000000e+01 7.076000000000000000e+03
1.200000000000000000e+02 4.110000000000000000e+03
1.770000000000000000e+02 2.298000000000000000e+03
2.560000000000000000e+02 1.249000000000000000e+03
3.430000000000000000e+02 6.400000000000000000e+02
4.510000000000000000e+02 3.190000000000000000e+02
5.460000000000000000e+02 1.450000000000000000e+02
6.240000000000000000e+02 7.200000000000000000e+01
6.860000000000000000e+02 4.100000000000000000e+01
7.280000000000000000e+02 2.100000000000000000e+01
7.650000000000000000e+02 1.000000000000000000e+01
7.870000000000000000e+02 3.000000000000000000e+00
8.090000000000000000e+02 0.000000000000000000e+00
8.180000000000000000e+02 0.000000000000000000e+00
8.260000000000000000e+02 0.000000000000000000e+00
8.310000000000000000e+02 0.000000000000000000e+00
