1.000000000000000000e+00 2.456000000000000000e+04
2.800000000000000000e+01 1.378600000000000000e+04
9.000000000000000000e+01 7.381000000000000000e+03
1.360000000000000000e+02 3.730000000000000000e+03
2.500000000000000000e+02 1.801000000000000000e+03
3.850000000000000000e+02 8.660000000000000000e+02
5.000000000000000000e+02 4.220000000000000000e+02
5.980000000000000000e+02 1.940000000000000000e+02
6.540000000000000000e+02 8.700000000000000000e+01
7.080000000000000000e+02 3.600000000000000000e+01
7.460000000000000000e+02 1.300000000000000000e+01
7.800000000000000000e+02 3.000000000000000000e+00
8.000000000000000000e+02 2.000000000000000000e+00
8.200000000000000000e+02 1.000000000000000000e+00
8.280000000000000000e+02 0.000000000000000000e+00
8.320000000000000000e+02 0.000000000000000000e+00
8.380000000000000000e+02 0.000000000000000000e+00
8.400000000000000000e+02 0.000000000000000000e+00
8.410000000000000000e+02 0.000000000000000000e+00
