1.000000000000000000e+00 3.704000000000000000e+03
1.100000000000000000e+01 2.172000000000000000e+03
7.100000000000000000e+01 1.309000000000000000e+03
1.750000000000000000e+02 7.780000000000000000e+02
3.320000000000000000e+02 4.960000000000000000e+02
4.540000000000000000e+02 3.070000000000000000e+02
5.430000000000000000e+02 1.880000000000000000e+02
6.060000000000000000e+02 1.110000000000000000e+02
6.550000000000000000e+02 6.900000000000000000e+01
6.870000000000000000e+02 4.400000000000000000e+01
7.080000000000000000e+02 2.800000000000000000e+01
7.330000000000000000e+02 2.100000000000000000e+01
7.530000000000000000e+02 1.600000000000000000e+01
7.690000000000000000e+02 1.300000000000000000e+01
7.740000000000000000e+02 7.000000000000000000e+00
7.820000000000000000e+02 5.000000000000000000e+00
7.890000000000000000e+02 1.000000000000000000e+00
7.930000000000000000e+02 0.000000000000000000e+00
7.940000000000000000e+02 0.000000000000000000e+00
