1.000000000000000000e+00 2.092600000000000000e+04
1.000000000000000000e+00 1.282000000000000000e+04
4.000000000000000000e+00 7.828000000000000000e+03
6.100000000000000000e+01 4.670000000000000000e+03
1.920000000000000000e+02 2.838000000000000000e+03
3.150000000000000000e+02 1.803000000000000000e+03
4.120000000000000000e+02 1.121000000000000000e+03
4.930000000000000000e+02 6.650000000000000000e+02
5.490000000000000000e+02 3.470000000000000000e+02
6.110000000000000000e+02 1.910000000000000000e+02
6.620000000000000000e+02 9.300000000000000000e+01
6.970000000000000000e+02 4.200000000000000000e+01
7.310000000000000000e+02 1.200000000000000000e+01
7.660000000000000000e+02 6.000000000000000000e+00
7.920000000000000000e+02 4.000000000000000000e+00
8.080000000000000000e+02 2.000000000000000000e+00
8.170000000000000000e+02 0.000000000000000000e+00
8.230000000000000000e+02 0.000000000000000000e+00
8.280000000000000000e+02 0.000000000000000000e+00
