1.000000000000000000e+00 2.599300000000000000e+04
3.300000000000000000e+01 1.652300000000000000e+04
8.800000000000000000e+01 1.023800000000000000e+04
2.210000000000000000e+02 6.244000000000000000e+03
2.970000000000000000e+02 3.613000000000000000e+03
3.460000000000000000e+02 1.957000000000000000e+03
4.090000000000000000e+02 9.670000000000000000e+02
4.930000000000000000e+02 4.030000000000000000e+02
5.840000000000000000e+02 1.400000000000000000e+02
6.650000000000000000e+02 3.700000000000000000e+01
7.420000000000000000e+02 4.000000000000000000e+00
7.920000000000000000e+02 1.000000000000000000e+00
8.180000000000000000e+02 0.000000000000000000e+00
8.330000000000000000e+02 0.000000000000000000e+00
8.360000000000000000e+02 0.000000000000000000e+00
8.400000000000000000e+02 0.000000000000000000e+00
8.400000000000000000e+02 0.000000000000000000e+00
8.420000000000000000e+02 0.000000000000000000e+00
8.420000000000000000e+02 0.000000000000000000e+00
