4.400000000000000000e+01 6.244000000000000000e+03
7.800000000000000000e+01 4.627000000000000000e+03
1.180000000000000000e+02 3.528000000000000000e+03
1.640000000000000000e+02 2.720000000000000000e+03
2.150000000000000000e+02 2.116000000000000000e+03
2.640000000000000000e+02 1.634000000000000000e+03
3.260000000000000000e+02 1.268000000000000000e+03
3.780000000000000000e+02 9.840000000000000000e+02
4.390000000000000000e+02 7.930000000000000000e+02
4.940000000000000000e+02 6.300000000000000000e+02
5.330000000000000000e+02 4.890000000000000000e+02
5.590000000000000000e+02 3.770000000000000000e+02
5.820000000000000000e+02 2.830000000000000000e+02
6.030000000000000000e+02 1.920000000000000000e+02
6.210000000000000000e+02 1.420000000000000000e+02
6.410000000000000000e+02 1.000000000000000000e+02
6.570000000000000000e+02 7.400000000000000000e+01
6.670000000000000000e+02 5.300000000000000000e+01
6.850000000000000000e+02 3.200000000000000000e+01
