1.000000000000000000e+00 1.694700000000000000e+04
3.300000000000000000e+01 1.070700000000000000e+04
8.700000000000000000e+01 6.592000000000000000e+03
2.460000000000000000e+02 4.014000000000000000e+03
3.350000000000000000e+02 2.505000000000000000e+03
3.850000000000000000e+02 1.494000000000000000e+03
4.340000000000000000e+02 8.160000000000000000e+02
5.210000000000000000e+02 4.270000000000000000e+02
5.870000000000000000e+02 2.060000000000000000e+02
6.460000000000000000e+02 8.800000000000000000e+01
7.040000000000000000e+02 3.600000000000000000e+01
7.480000000000000000e+02 7.000000000000000000e+00
7.850000000000000000e+02 1.000000000000000000e+00
8.040000000000000000e+02 1.000000000000000000e+00
8.130000000000000000e+02 1.000000000000000000e+00
8.180000000000000000e+02 0.000000000000000000e+00
8.220000000000000000e+02 0.000000000000000000e+00
8.250000000000000000e+02 0.000000000000000000e+00
8.250000000000000000e+02 0.000000000000000000e+00
