1.000000000000000000e+00 1.717200000000000000e+04
7.200000000000000000e+01 4.173000000000000000e+03
6.450000000000000000e+02 2.348000000000000000e+03
7.230000000000000000e+02 1.949000000000000000e+03
7.230000000000000000e+02 1.608000000000000000e+03
7.230000000000000000e+02 1.292000000000000000e+03
7.230000000000000000e+02 9.650000000000000000e+02
7.240000000000000000e+02 6.740000000000000000e+02
7.250000000000000000e+02 4.650000000000000000e+02
7.280000000000000000e+02 3.120000000000000000e+02
7.360000000000000000e+02 2.070000000000000000e+02
7.480000000000000000e+02 1.410000000000000000e+02
7.570000000000000000e+02 7.400000000000000000e+01
7.660000000000000000e+02 3.300000000000000000e+01
7.820000000000000000e+02 1.100000000000000000e+01
7.990000000000000000e+02 5.000000000000000000e+00
8.130000000000000000e+02 1.000000000000000000e+00
8.260000000000000000e+02 0.000000000000000000e+00
8.330000000000000000e+02 0.000000000000000000e+00
