1.000000000000000000e+00 2.272700000000000000e+04
1.000000000000000000e+00 1.171800000000000000e+04
1.800000000000000000e+01 5.937000000000000000e+03
1.330000000000000000e+02 2.924000000000000000e+03
3.210000000000000000e+02 1.460000000000000000e+03
4.580000000000000000e+02 7.310000000000000000e+02
5.910000000000000000e+02 3.580000000000000000e+02
6.760000000000000000e+02 1.760000000000000000e+02
7.300000000000000000e+02 9.200000000000000000e+01
7.620000000000000000e+02 5.000000000000000000e+01
7.870000000000000000e+02 2.600000000000000000e+01
7.990000000000000000e+02 1.400000000000000000e+01
8.120000000000000000e+02 8.000000000000000000e+00
8.160000000000000000e+02 2.000000000000000000e+00
8.230000000000000000e+02 0.000000000000000000e+00
8.280000000000000000e+02 0.000000000000000000e+00
8.330000000000000000e+02 0.000000000000000000e+00
8.380000000000000000e+02 0.000000000000000000e+00
8.390000000000000000e+02 0.000000000000000000e+00
