6.000000000000000000e+00 3.080000000000000000e+03
3.000000000000000000e+02 1.639000000000000000e+03
4.920000000000000000e+02 1.351000000000000000e+03
5.050000000000000000e+02 1.147000000000000000e+03
5.050000000000000000e+02 9.530000000000000000e+02
5.070000000000000000e+02 7.670000000000000000e+02
5.130000000000000000e+02 5.790000000000000000e+02
5.270000000000000000e+02 3.790000000000000000e+02
5.550000000000000000e+02 2.170000000000000000e+02
5.990000000000000000e+02 1.150000000000000000e+02
6.350000000000000000e+02 5.900000000000000000e+01
6.630000000000000000e+02 3.700000000000000000e+01
6.970000000000000000e+02 2.100000000000000000e+01
7.240000000000000000e+02 9.000000000000000000e+00
7.420000000000000000e+02 3.000000000000000000e+00
7.660000000000000000e+02 0.000000000000000000e+00
7.820000000000000000e+02 0.000000000000000000e+00
7.910000000000000000e+02 0.000000000000000000e+00
8.000000000000000000e+02 0.000000000000000000e+00
