5.900000000000000000e+01 1.027000000000000000e+03
2.020000000000000000e+02 5.210000000000000000e+02
3.590000000000000000e+02 2.680000000000000000e+02
5.240000000000000000e+02 1.570000000000000000e+02
6.200000000000000000e+02 1.040000000000000000e+02
6.720000000000000000e+02 7.500000000000000000e+01
7.070000000000000000e+02 5.100000000000000000e+01
7.290000000000000000e+02 3.400000000000000000e+01
7.440000000000000000e+02 3.000000000000000000e+01
7.540000000000000000e+02 2.200000000000000000e+01
7.610000000000000000e+02 1.800000000000000000e+01
7.690000000000000000e+02 1.100000000000000000e+01
7.690000000000000000e+02 8.000000000000000000e+00
7.710000000000000000e+02 5.000000000000000000e+00
7.730000000000000000e+02 4.000000000000000000e+00
7.770000000000000000e+02 3.000000000000000000e+00
7.790000000000000000e+02 3.000000000000000000e+00
7.830000000000000000e+02 3.000000000000000000e+00
7.850000000000000000e+02 2.000000000000000000e+00
