1.000000000000000000e+00 1.661200000000000000e+04
2.800000000000000000e+01 9.820000000000000000e+03
1.050000000000000000e+02 5.412000000000000000e+03
1.990000000000000000e+02 2.903000000000000000e+03
3.430000000000000000e+02 1.596000000000000000e+03
4.530000000000000000e+02 9.240000000000000000e+02
5.470000000000000000e+02 4.940000000000000000e+02
6.180000000000000000e+02 2.740000000000000000e+02
6.710000000000000000e+02 1.440000000000000000e+02
7.040000000000000000e+02 6.900000000000000000e+01
7.300000000000000000e+02 3.400000000000000000e+01
7.560000000000000000e+02 8.000000000000000000e+00
7.790000000000000000e+02 0.000000000000000000e+00
7.950000000000000000e+02 0.000000000000000000e+00
8.060000000000000000e+02 0.000000000000000000e+00
8.160000000000000000e+02 0.000000000000000000e+00
8.230000000000000000e+02 0.000000000000000000e+00
8.250000000000000000e+02 0.000000000000000000e+00
8.260000000000000000e+02 0.000000000000000000e+00
