1.000000000000000000e+00 2.689000000000000000e+04
7.500000000000000000e+01 1.911000000000000000e+04
8.300000000000000000e+01 1.357500000000000000e+04
9.400000000000000000e+01 9.291000000000000000e+03
1.070000000000000000e+02 6.150000000000000000e+03
1.220000000000000000e+02 3.974000000000000000e+03
1.760000000000000000e+02 2.432000000000000000e+03
2.520000000000000000e+02 1.485000000000000000e+03
3.350000000000000000e+02 8.900000000000000000e+02
4.410000000000000000e+02 5.490000000000000000e+02
5.020000000000000000e+02 3.170000000000000000e+02
5.580000000000000000e+02 1.730000000000000000e+02
6.340000000000000000e+02 1.110000000000000000e+02
6.780000000000000000e+02 5.600000000000000000e+01
7.280000000000000000e+02 2.100000000000000000e+01
7.600000000000000000e+02 1.300000000000000000e+01
7.780000000000000000e+02 6.000000000000000000e+00
7.930000000000000000e+02 3.000000000000000000e+00
7.990000000000000000e+02 1.000000000000000000e+00
