4.400000000000000000e+01 1.375600000000000000e+04
7.300000000000000000e+01 1.077800000000000000e+04
7.400000000000000000e+01 8.537000000000000000e+03
8.000000000000000000e+01 6.688000000000000000e+03
1.070000000000000000e+02 5.221000000000000000e+03
1.570000000000000000e+02 4.016000000000000000e+03
1.920000000000000000e+02 3.078000000000000000e+03
2.460000000000000000e+02 2.390000000000000000e+03
3.020000000000000000e+02 1.854000000000000000e+03
3.510000000000000000e+02 1.460000000000000000e+03
4.110000000000000000e+02 1.104000000000000000e+03
4.580000000000000000e+02 8.560000000000000000e+02
5.090000000000000000e+02 6.550000000000000000e+02
5.380000000000000000e+02 5.000000000000000000e+02
5.700000000000000000e+02 3.920000000000000000e+02
5.910000000000000000e+02 2.920000000000000000e+02
6.060000000000000000e+02 2.180000000000000000e+02
6.340000000000000000e+02 1.570000000000000000e+02
6.550000000000000000e+02 1.070000000000000000e+02
