1.000000000000000000e+00 1.347400000000000000e+04
1.000000000000000000e+00 9.080000000000000000e+03
2.000000000000000000e+00 5.239000000000000000e+03
3.100000000000000000e+01 2.924000000000000000e+03
1.420000000000000000e+02 1.588000000000000000e+03
3.260000000000000000e+02 8.190000000000000000e+02
4.770000000000000000e+02 4.020000000000000000e+02
5.880000000000000000e+02 1.870000000000000000e+02
6.780000000000000000e+02 7.600000000000000000e+01
7.280000000000000000e+02 2.800000000000000000e+01
7.660000000000000000e+02 3.000000000000000000e+00
7.810000000000000000e+02 0.000000000000000000e+00
7.960000000000000000e+02 0.000000000000000000e+00
8.080000000000000000e+02 0.000000000000000000e+00
8.120000000000000000e+02 0.000000000000000000e+00
8.150000000000000000e+02 0.000000000000000000e+00
8.160000000000000000e+02 0.000000000000000000e+00
8.170000000000000000e+02 0.000000000000000000e+00
8.170000000000000000e+02 0.000000000000000000e+00
