1.000000000000000000e+00 2.517600000000000000e+04
7.000000000000000000e+01 1.490500000000000000e+04
8.400000000000000000e+01 8.602000000000000000e+03
1.090000000000000000e+02 4.487000000000000000e+03
1.670000000000000000e+02 2.205000000000000000e+03
2.820000000000000000e+02 9.890000000000000000e+02
4.160000000000000000e+02 4.220000000000000000e+02
5.550000000000000000e+02 1.550000000000000000e+02
6.610000000000000000e+02 5.700000000000000000e+01
7.240000000000000000e+02 2.500000000000000000e+01
7.560000000000000000e+02 1.700000000000000000e+01
7.780000000000000000e+02 4.000000000000000000e+00
7.990000000000000000e+02 0.000000000000000000e+00
8.100000000000000000e+02 0.000000000000000000e+00
8.160000000000000000e+02 0.000000000000000000e+00
8.260000000000000000e+02 0.000000000000000000e+00
8.320000000000000000e+02 0.000000000000000000e+00
8.380000000000000000e+02 0.000000000000000000e+00
8.400000000000000000e+02 0.000000000000000000e+00
