1.000000000000000000e+00 2.006400000000000000e+04
1.000000000000000000e+00 1.125100000000000000e+04
2.000000000000000000e+01 6.119000000000000000e+03
1.390000000000000000e+02 3.251000000000000000e+03
2.900000000000000000e+02 1.814000000000000000e+03
4.220000000000000000e+02 9.580000000000000000e+02
5.200000000000000000e+02 5.100000000000000000e+02
5.940000000000000000e+02 2.310000000000000000e+02
6.570000000000000000e+02 9.500000000000000000e+01
7.160000000000000000e+02 3.600000000000000000e+01
7.640000000000000000e+02 1.000000000000000000e+01
7.930000000000000000e+02 5.000000000000000000e+00
8.090000000000000000e+02 1.000000000000000000e+00
8.190000000000000000e+02 0.000000000000000000e+00
8.270000000000000000e+02 0.000000000000000000e+00
8.300000000000000000e+02 0.000000000000000000e+00
8.320000000000000000e+02 0.000000000000000000e+00
8.340000000000000000e+02 0.000000000000000000e+00
8.340000000000000000e+02 0.000000000000000000e+00
