1.000000000000000000e+00 1.237600000000000000e+04
1.000000000000000000e+00 7.518000000000000000e+03
1.000000000000000000e+01 4.596000000000000000e+03
9.600000000000000000e+01 2.756000000000000000e+03
2.430000000000000000e+02 1.687000000000000000e+03
4.010000000000000000e+02 1.104000000000000000e+03
5.090000000000000000e+02 7.540000000000000000e+02
5.740000000000000000e+02 4.940000000000000000e+02
6.280000000000000000e+02 3.270000000000000000e+02
6.540000000000000000e+02 1.870000000000000000e+02
6.920000000000000000e+02 1.030000000000000000e+02
7.250000000000000000e+02 6.000000000000000000e+01
7.500000000000000000e+02 3.400000000000000000e+01
7.660000000000000000e+02 2.000000000000000000e+01
7.790000000000000000e+02 7.000000000000000000e+00
7.870000000000000000e+02 3.000000000000000000e+00
7.980000000000000000e+02 3.000000000000000000e+00
8.020000000000000000e+02 2.000000000000000000e+00
8.060000000000000000e+02 1.000000000000000000e+00
