2.200000000000000000e+01 1.608000000000000000e+03
1.110000000000000000e+02 1.063000000000000000e+03
2.230000000000000000e+02 7.000000000000000000e+02
3.180000000000000000e+02 4.690000000000000000e+02
4.360000000000000000e+02 3.020000000000000000e+02
5.240000000000000000e+02 2.070000000000000000e+02
5.820000000000000000e+02 1.440000000000000000e+02
6.230000000000000000e+02 9.600000000000000000e+01
6.620000000000000000e+02 6.300000000000000000e+01
6.920000000000000000e+02 4.100000000000000000e+01
7.140000000000000000e+02 2.700000000000000000e+01
7.300000000000000000e+02 1.500000000000000000e+01
7.410000000000000000e+02 5.000000000000000000e+00
7.510000000000000000e+02 5.000000000000000000e+00
7.610000000000000000e+02 0.000000000000000000e+00
7.690000000000000000e+02 0.000000000000000000e+00
7.760000000000000000e+02 0.000000000000000000e+00
7.790000000000000000e+02 0.000000000000000000e+00
7.830000000000000000e+02 0.000000000000000000e+00
