1.700000000000000000e+01 3.836000000000000000e+03
7.000000000000000000e+01 2.537000000000000000e+03
1.230000000000000000e+02 1.570000000000000000e+03
2.670000000000000000e+02 9.390000000000000000e+02
3.990000000000000000e+02 5.630000000000000000e+02
4.900000000000000000e+02 3.430000000000000000e+02
5.550000000000000000e+02 2.220000000000000000e+02
6.170000000000000000e+02 1.230000000000000000e+02
6.710000000000000000e+02 8.200000000000000000e+01
7.050000000000000000e+02 5.600000000000000000e+01
7.230000000000000000e+02 2.900000000000000000e+01
7.490000000000000000e+02 1.600000000000000000e+01
7.560000000000000000e+02 1.000000000000000000e+01
7.650000000000000000e+02 2.000000000000000000e+00
7.780000000000000000e+02 1.000000000000000000e+00
7.850000000000000000e+02 0.000000000000000000e+00
7.920000000000000000e+02 0.000000000000000000e+00
7.950000000000000000e+02 0.000000000000000000e+00
7.970000000000000000e+02 0.000000000000000000e+00
