2.000000000000000000e+00 3.701000000000000000e+03
3.800000000000000000e+01 2.214000000000000000e+03
1.380000000000000000e+02 1.323000000000000000e+03
2.720000000000000000e+02 8.320000000000000000e+02
3.690000000000000000e+02 4.980000000000000000e+02
4.510000000000000000e+02 2.970000000000000000e+02
5.260000000000000000e+02 1.540000000000000000e+02
6.180000000000000000e+02 9.100000000000000000e+01
6.650000000000000000e+02 5.000000000000000000e+01
7.090000000000000000e+02 2.300000000000000000e+01
7.410000000000000000e+02 1.600000000000000000e+01
7.670000000000000000e+02 1.100000000000000000e+01
7.760000000000000000e+02 4.000000000000000000e+00
7.860000000000000000e+02 1.000000000000000000e+00
7.900000000000000000e+02 1.000000000000000000e+00
7.930000000000000000e+02 0.000000000000000000e+00
7.950000000000000000e+02 0.000000000000000000e+00
7.980000000000000000e+02 0.000000000000000000e+00
8.010000000000000000e+02 0.000000000000000000e+00
