4.600000000000000000e+01 1.362500000000000000e+04
7.300000000000000000e+01 1.061100000000000000e+04
7.700000000000000000e+01 8.293000000000000000e+03
9.600000000000000000e+01 6.453000000000000000e+03
1.430000000000000000e+02 5.098000000000000000e+03
1.760000000000000000e+02 3.981000000000000000e+03
2.160000000000000000e+02 3.119000000000000000e+03
2.540000000000000000e+02 2.415000000000000000e+03
2.970000000000000000e+02 1.907000000000000000e+03
3.430000000000000000e+02 1.496000000000000000e+03
3.950000000000000000e+02 1.137000000000000000e+03
4.370000000000000000e+02 9.050000000000000000e+02
4.780000000000000000e+02 7.140000000000000000e+02
5.110000000000000000e+02 5.640000000000000000e+02
5.450000000000000000e+02 4.350000000000000000e+02
5.700000000000000000e+02 3.170000000000000000e+02
5.940000000000000000e+02 2.340000000000000000e+02
6.140000000000000000e+02 1.590000000000000000e+02
6.370000000000000000e+02 1.070000000000000000e+02
