5.000000000000000000e+00 4.217000000000000000e+03
6.900000000000000000e+01 3.148000000000000000e+03
8.100000000000000000e+01 2.359000000000000000e+03
1.110000000000000000e+02 1.685000000000000000e+03
1.710000000000000000e+02 1.186000000000000000e+03
2.760000000000000000e+02 8.390000000000000000e+02
3.570000000000000000e+02 5.980000000000000000e+02
4.390000000000000000e+02 3.870000000000000000e+02
5.040000000000000000e+02 2.570000000000000000e+02
5.700000000000000000e+02 1.740000000000000000e+02
6.310000000000000000e+02 1.080000000000000000e+02
6.590000000000000000e+02 7.600000000000000000e+01
6.890000000000000000e+02 5.300000000000000000e+01
7.100000000000000000e+02 3.400000000000000000e+01
7.280000000000000000e+02 2.500000000000000000e+01
7.400000000000000000e+02 1.400000000000000000e+01
7.550000000000000000e+02 1.000000000000000000e+01
7.650000000000000000e+02 2.000000000000000000e+00
7.720000000000000000e+02 1.000000000000000000e+00
