1.000000000000000000e+00 8.152000000000000000e+03
2.000000000000000000e+00 5.030000000000000000e+03
4.300000000000000000e+01 2.837000000000000000e+03
1.850000000000000000e+02 1.672000000000000000e+03
3.620000000000000000e+02 1.029000000000000000e+03
4.680000000000000000e+02 6.440000000000000000e+02
5.620000000000000000e+02 4.170000000000000000e+02
6.190000000000000000e+02 2.740000000000000000e+02
6.520000000000000000e+02 1.480000000000000000e+02
6.910000000000000000e+02 9.300000000000000000e+01
7.200000000000000000e+02 5.100000000000000000e+01
7.450000000000000000e+02 3.400000000000000000e+01
7.590000000000000000e+02 1.500000000000000000e+01
7.670000000000000000e+02 5.000000000000000000e+00
7.800000000000000000e+02 4.000000000000000000e+00
7.860000000000000000e+02 1.000000000000000000e+00
7.910000000000000000e+02 1.000000000000000000e+00
7.990000000000000000e+02 0.000000000000000000e+00
8.020000000000000000e+02 0.000000000000000000e+00
