1.000000000000000000e+00 8.051000000000000000e+03
2.000000000000000000e+00 4.900000000000000000e+03
4.800000000000000000e+01 2.751000000000000000e+03
2.150000000000000000e+02 1.549000000000000000e+03
3.750000000000000000e+02 9.250000000000000000e+02
4.930000000000000000e+02 5.710000000000000000e+02
5.730000000000000000e+02 3.360000000000000000e+02
6.260000000000000000e+02 2.050000000000000000e+02
6.690000000000000000e+02 1.150000000000000000e+02
7.030000000000000000e+02 4.900000000000000000e+01
7.370000000000000000e+02 2.400000000000000000e+01
7.620000000000000000e+02 1.200000000000000000e+01
7.780000000000000000e+02 3.000000000000000000e+00
7.890000000000000000e+02 1.000000000000000000e+00
7.960000000000000000e+02 0.000000000000000000e+00
8.010000000000000000e+02 0.000000000000000000e+00
8.030000000000000000e+02 0.000000000000000000e+00
8.060000000000000000e+02 0.000000000000000000e+00
8.090000000000000000e+02 0.000000000000000000e+00
