1.000000000000000000e+00 1.716200000000000000e+04
3.900000000000000000e+01 1.082200000000000000e+04
8.500000000000000000e+01 6.682000000000000000e+03
1.150000000000000000e+02 3.850000000000000000e+03
1.850000000000000000e+02 2.079000000000000000e+03
2.880000000000000000e+02 1.042000000000000000e+03
4.190000000000000000e+02 4.720000000000000000e+02
5.300000000000000000e+02 2.340000000000000000e+02
6.250000000000000000e+02 1.180000000000000000e+02
6.760000000000000000e+02 5.300000000000000000e+01
7.170000000000000000e+02 2.100000000000000000e+01
7.480000000000000000e+02 6.000000000000000000e+00
7.740000000000000000e+02 0.000000000000000000e+00
7.930000000000000000e+02 0.000000000000000000e+00
8.080000000000000000e+02 0.000000000000000000e+00
8.130000000000000000e+02 0.000000000000000000e+00
8.170000000000000000e+02 0.000000000000000000e+00
8.220000000000000000e+02 0.000000000000000000e+00
8.240000000000000000e+02 0.000000000000000000e+00
