1.000000000000000000e+00 2.450100000000000000e+04
1.000000000000000000e+00 1.418300000000000000e+04
4.000000000000000000e+00 8.379000000000000000e+03
5.600000000000000000e+01 4.736000000000000000e+03
1.780000000000000000e+02 2.784000000000000000e+03
3.130000000000000000e+02 1.614000000000000000e+03
4.180000000000000000e+02 9.160000000000000000e+02
5.140000000000000000e+02 5.160000000000000000e+02
5.940000000000000000e+02 2.610000000000000000e+02
6.610000000000000000e+02 1.340000000000000000e+02
7.150000000000000000e+02 5.500000000000000000e+01
7.540000000000000000e+02 2.500000000000000000e+01
7.840000000000000000e+02 1.500000000000000000e+01
8.040000000000000000e+02 1.200000000000000000e+01
8.100000000000000000e+02 1.000000000000000000e+01
8.140000000000000000e+02 8.000000000000000000e+00
8.200000000000000000e+02 4.000000000000000000e+00
8.250000000000000000e+02 3.000000000000000000e+00
8.270000000000000000e+02 0.000000000000000000e+00
