1.000000000000000000e+00 1.733600000000000000e+04
1.000000000000000000e+00 1.069700000000000000e+04
3.000000000000000000e+00 6.516000000000000000e+03
3.900000000000000000e+01 3.965000000000000000e+03
1.320000000000000000e+02 2.359000000000000000e+03
2.800000000000000000e+02 1.492000000000000000e+03
3.890000000000000000e+02 8.960000000000000000e+02
4.910000000000000000e+02 5.270000000000000000e+02
5.610000000000000000e+02 2.870000000000000000e+02
6.180000000000000000e+02 1.570000000000000000e+02
6.700000000000000000e+02 6.900000000000000000e+01
7.150000000000000000e+02 2.400000000000000000e+01
7.520000000000000000e+02 5.000000000000000000e+00
7.750000000000000000e+02 2.000000000000000000e+00
8.000000000000000000e+02 1.000000000000000000e+00
8.070000000000000000e+02 1.000000000000000000e+00
8.140000000000000000e+02 1.000000000000000000e+00
8.150000000000000000e+02 1.000000000000000000e+00
8.170000000000000000e+02 1.000000000000000000e+00
