1.000000000000000000e+00 1.444900000000000000e+04
2.000000000000000000e+00 6.742000000000000000e+03
6.900000000000000000e+01 3.146000000000000000e+03
2.720000000000000000e+02 1.485000000000000000e+03
4.620000000000000000e+02 7.420000000000000000e+02
5.810000000000000000e+02 4.040000000000000000e+02
6.600000000000000000e+02 2.240000000000000000e+02
7.160000000000000000e+02 9.600000000000000000e+01
7.500000000000000000e+02 5.300000000000000000e+01
7.720000000000000000e+02 2.500000000000000000e+01
7.860000000000000000e+02 7.000000000000000000e+00
8.020000000000000000e+02 3.000000000000000000e+00
8.100000000000000000e+02 2.000000000000000000e+00
8.140000000000000000e+02 1.000000000000000000e+00
8.170000000000000000e+02 1.000000000000000000e+00
8.190000000000000000e+02 0.000000000000000000e+00
8.200000000000000000e+02 0.000000000000000000e+00
8.220000000000000000e+02 0.000000000000000000e+00
8.240000000000000000e+02 0.000000000000000000e+00
