1.000000000000000000e+00 7.947000000000000000e+03
2.100000000000000000e+01 4.769000000000000000e+03
1.720000000000000000e+02 2.969000000000000000e+03
2.930000000000000000e+02 1.905000000000000000e+03
3.550000000000000000e+02 1.174000000000000000e+03
4.320000000000000000e+02 6.790000000000000000e+02
5.240000000000000000e+02 3.980000000000000000e+02
5.880000000000000000e+02 2.200000000000000000e+02
6.500000000000000000e+02 1.270000000000000000e+02
6.950000000000000000e+02 6.600000000000000000e+01
7.210000000000000000e+02 2.600000000000000000e+01
7.530000000000000000e+02 7.000000000000000000e+00
7.710000000000000000e+02 2.000000000000000000e+00
7.940000000000000000e+02 0.000000000000000000e+00
7.990000000000000000e+02 0.000000000000000000e+00
8.030000000000000000e+02 0.000000000000000000e+00
8.060000000000000000e+02 0.000000000000000000e+00
8.100000000000000000e+02 0.000000000000000000e+00
8.100000000000000000e+02 0.000000000000000000e+00
