1.000000000000000000e+00 3.117300000000000000e+04
1.000000000000000000e+00 2.518500000000000000e+04
1.000000000000000000e+00 1.941200000000000000e+04
2.000000000000000000e+00 1.415600000000000000e+04
2.000000000000000000e+00 9.548000000000000000e+03
3.000000000000000000e+00 5.887000000000000000e+03
3.000000000000000000e+01 3.523000000000000000e+03
1.030000000000000000e+02 1.940000000000000000e+03
2.500000000000000000e+02 1.097000000000000000e+03
4.020000000000000000e+02 5.850000000000000000e+02
5.320000000000000000e+02 2.770000000000000000e+02
6.140000000000000000e+02 1.190000000000000000e+02
6.810000000000000000e+02 4.900000000000000000e+01
7.410000000000000000e+02 1.400000000000000000e+01
7.850000000000000000e+02 1.000000000000000000e+00
8.160000000000000000e+02 1.000000000000000000e+00
8.320000000000000000e+02 1.000000000000000000e+00
8.390000000000000000e+02 0.000000000000000000e+00
8.420000000000000000e+02 0.000000000000000000e+00
