1.000000000000000000e+00 1.198800000000000000e+04
2.000000000000000000e+00 6.889000000000000000e+03
2.500000000000000000e+01 4.029000000000000000e+03
1.450000000000000000e+02 2.308000000000000000e+03
3.240000000000000000e+02 1.438000000000000000e+03
4.670000000000000000e+02 9.640000000000000000e+02
5.660000000000000000e+02 6.510000000000000000e+02
6.180000000000000000e+02 4.160000000000000000e+02
6.490000000000000000e+02 2.580000000000000000e+02
6.870000000000000000e+02 1.410000000000000000e+02
7.230000000000000000e+02 7.600000000000000000e+01
7.440000000000000000e+02 3.500000000000000000e+01
7.660000000000000000e+02 1.400000000000000000e+01
7.800000000000000000e+02 7.000000000000000000e+00
7.940000000000000000e+02 2.000000000000000000e+00
8.050000000000000000e+02 1.000000000000000000e+00
8.090000000000000000e+02 0.000000000000000000e+00
8.110000000000000000e+02 0.000000000000000000e+00
8.120000000000000000e+02 0.000000000000000000e+00
