1.900000000000000000e+01 1.401000000000000000e+03
1.510000000000000000e+02 6.920000000000000000e+02
2.510000000000000000e+02 4.380000000000000000e+02
3.460000000000000000e+02 2.880000000000000000e+02
4.450000000000000000e+02 2.000000000000000000e+02
5.260000000000000000e+02 1.270000000000000000e+02
5.920000000000000000e+02 7.800000000000000000e+01
6.440000000000000000e+02 4.200000000000000000e+01
6.760000000000000000e+02 2.300000000000000000e+01
7.090000000000000000e+02 1.300000000000000000e+01
7.310000000000000000e+02 3.000000000000000000e+00
7.500000000000000000e+02 1.000000000000000000e+00
7.650000000000000000e+02 0.000000000000000000e+00
7.750000000000000000e+02 0.000000000000000000e+00
7.780000000000000000e+02 0.000000000000000000e+00
7.840000000000000000e+02 0.000000000000000000e+00
7.870000000000000000e+02 0.000000000000000000e+00
7.930000000000000000e+02 0.000000000000000000e+00
7.940000000000000000e+02 0.000000000000000000e+00
