1.000000000000000000e+00 2.364800000000000000e+04
3.700000000000000000e+01 1.332100000000000000e+04
1.260000000000000000e+02 7.516000000000000000e+03
3.020000000000000000e+02 4.246000000000000000e+03
4.720000000000000000e+02 2.596000000000000000e+03
5.150000000000000000e+02 1.589000000000000000e+03
5.580000000000000000e+02 8.860000000000000000e+02
5.810000000000000000e+02 4.700000000000000000e+02
6.340000000000000000e+02 2.170000000000000000e+02
6.790000000000000000e+02 9.100000000000000000e+01
7.240000000000000000e+02 2.900000000000000000e+01
7.640000000000000000e+02 8.000000000000000000e+00
7.920000000000000000e+02 0.000000000000000000e+00
8.210000000000000000e+02 0.000000000000000000e+00
8.330000000000000000e+02 0.000000000000000000e+00
8.370000000000000000e+02 0.000000000000000000e+00
8.390000000000000000e+02 0.000000000000000000e+00
8.400000000000000000e+02 0.000000000000000000e+00
8.410000000000000000e+02 0.000000000000000000e+00
