1.000000000000000000e+00 1.238400000000000000e+04
2.000000000000000000e+00 7.391000000000000000e+03
2.600000000000000000e+01 4.379000000000000000e+03
1.430000000000000000e+02 2.655000000000000000e+03
2.770000000000000000e+02 1.628000000000000000e+03
4.110000000000000000e+02 1.029000000000000000e+03
5.200000000000000000e+02 6.920000000000000000e+02
5.880000000000000000e+02 4.400000000000000000e+02
6.340000000000000000e+02 2.580000000000000000e+02
6.680000000000000000e+02 1.510000000000000000e+02
7.060000000000000000e+02 7.000000000000000000e+01
7.340000000000000000e+02 3.200000000000000000e+01
7.630000000000000000e+02 1.400000000000000000e+01
7.800000000000000000e+02 6.000000000000000000e+00
7.980000000000000000e+02 0.000000000000000000e+00
8.070000000000000000e+02 0.000000000000000000e+00
8.100000000000000000e+02 0.000000000000000000e+00
8.110000000000000000e+02 0.000000000000000000e+00
8.120000000000000000e+02 0.000000000000000000e+00
