1.000000000000000000e+00 2.947800000000000000e+04
1.000000000000000000e+00 2.190200000000000000e+04
1.000000000000000000e+00 1.518800000000000000e+04
1.000000000000000000e+00 9.600000000000000000e+03
1.000000000000000000e+01 5.806000000000000000e+03
5.100000000000000000e+01 3.361000000000000000e+03
1.560000000000000000e+02 1.871000000000000000e+03
3.060000000000000000e+02 1.009000000000000000e+03
4.250000000000000000e+02 5.400000000000000000e+02
5.580000000000000000e+02 2.510000000000000000e+02
6.310000000000000000e+02 1.240000000000000000e+02
6.920000000000000000e+02 4.400000000000000000e+01
7.450000000000000000e+02 1.300000000000000000e+01
7.880000000000000000e+02 1.000000000000000000e+00
8.250000000000000000e+02 0.000000000000000000e+00
8.360000000000000000e+02 0.000000000000000000e+00
8.400000000000000000e+02 0.000000000000000000e+00
8.400000000000000000e+02 0.000000000000000000e+00
8.420000000000000000e+02 0.000000000000000000e+00
