1.000000000000000000e+00 4.915600000000000000e+04
2.900000000000000000e+01 2.809700000000000000e+04
9.000000000000000000e+01 1.469500000000000000e+04
1.530000000000000000e+02 7.609000000000000000e+03
2.730000000000000000e+02 3.861000000000000000e+03
3.540000000000000000e+02 1.829000000000000000e+03
4.310000000000000000e+02 8.020000000000000000e+02
5.260000000000000000e+02 3.580000000000000000e+02
6.180000000000000000e+02 1.370000000000000000e+02
6.890000000000000000e+02 5.400000000000000000e+01
7.500000000000000000e+02 2.200000000000000000e+01
8.080000000000000000e+02 5.000000000000000000e+00
8.360000000000000000e+02 1.000000000000000000e+00
8.570000000000000000e+02 0.000000000000000000e+00
8.690000000000000000e+02 0.000000000000000000e+00
8.830000000000000000e+02 0.000000000000000000e+00
8.890000000000000000e+02 0.000000000000000000e+00
8.900000000000000000e+02 0.000000000000000000e+00
8.900000000000000000e+02 0.000000000000000000e+00
