1.000000000000000000e+00 3.695000000000000000e+03
1.100000000000000000e+01 2.162000000000000000e+03
7.700000000000000000e+01 1.269000000000000000e+03
1.980000000000000000e+02 7.290000000000000000e+02
3.410000000000000000e+02 4.440000000000000000e+02
4.680000000000000000e+02 2.760000000000000000e+02
5.440000000000000000e+02 1.510000000000000000e+02
6.240000000000000000e+02 9.100000000000000000e+01
6.690000000000000000e+02 5.400000000000000000e+01
6.950000000000000000e+02 3.600000000000000000e+01
7.230000000000000000e+02 2.300000000000000000e+01
7.430000000000000000e+02 1.500000000000000000e+01
7.600000000000000000e+02 1.300000000000000000e+01
7.720000000000000000e+02 7.000000000000000000e+00
7.810000000000000000e+02 5.000000000000000000e+00
7.870000000000000000e+02 1.000000000000000000e+00
7.920000000000000000e+02 0.000000000000000000e+00
7.940000000000000000e+02 0.000000000000000000e+00
7.980000000000000000e+02 0.000000000000000000e+00
