1.000000000000000000e+00 8.186000000000000000e+03
3.400000000000000000e+01 4.987000000000000000e+03
9.100000000000000000e+01 2.814000000000000000e+03
2.090000000000000000e+02 1.580000000000000000e+03
3.510000000000000000e+02 8.670000000000000000e+02
4.850000000000000000e+02 5.140000000000000000e+02
5.840000000000000000e+02 2.990000000000000000e+02
6.330000000000000000e+02 1.680000000000000000e+02
6.730000000000000000e+02 9.200000000000000000e+01
7.100000000000000000e+02 4.200000000000000000e+01
7.390000000000000000e+02 2.300000000000000000e+01
7.550000000000000000e+02 9.000000000000000000e+00
7.760000000000000000e+02 0.000000000000000000e+00
7.900000000000000000e+02 0.000000000000000000e+00
7.990000000000000000e+02 0.000000000000000000e+00
8.050000000000000000e+02 0.000000000000000000e+00
8.080000000000000000e+02 0.000000000000000000e+00
8.100000000000000000e+02 0.000000000000000000e+00
8.100000000000000000e+02 0.000000000000000000e+00
