1.400000000000000000e+02 9.980000000000000000e+02
3.520000000000000000e+02 4.650000000000000000e+02
5.130000000000000000e+02 2.330000000000000000e+02
5.930000000000000000e+02 1.250000000000000000e+02
6.400000000000000000e+02 6.900000000000000000e+01
6.910000000000000000e+02 3.300000000000000000e+01
7.210000000000000000e+02 1.300000000000000000e+01
7.430000000000000000e+02 7.000000000000000000e+00
7.510000000000000000e+02 5.000000000000000000e+00
7.540000000000000000e+02 2.000000000000000000e+00
7.630000000000000000e+02 1.000000000000000000e+00
7.680000000000000000e+02 0.000000000000000000e+00
7.700000000000000000e+02 0.000000000000000000e+00
7.760000000000000000e+02 0.000000000000000000e+00
7.810000000000000000e+02 0.000000000000000000e+00
7.850000000000000000e+02 0.000000000000000000e+00
7.880000000000000000e+02 0.000000000000000000e+00
7.900000000000000000e+02 0.000000000000000000e+00
7.910000000000000000e+02 0.000000000000000000e+00
