1.000000000000000000e+00 8.097000000000000000e+03
2.000000000000000000e+00 5.034000000000000000e+03
4.000000000000000000e+01 2.840000000000000000e+03
1.790000000000000000e+02 1.620000000000000000e+03
3.640000000000000000e+02 1.006000000000000000e+03
4.850000000000000000e+02 6.240000000000000000e+02
5.670000000000000000e+02 3.980000000000000000e+02
6.190000000000000000e+02 2.490000000000000000e+02
6.540000000000000000e+02 1.400000000000000000e+02
6.960000000000000000e+02 8.000000000000000000e+01
7.240000000000000000e+02 4.600000000000000000e+01
7.520000000000000000e+02 2.700000000000000000e+01
7.630000000000000000e+02 1.200000000000000000e+01
7.750000000000000000e+02 5.000000000000000000e+00
7.830000000000000000e+02 2.000000000000000000e+00
7.900000000000000000e+02 1.000000000000000000e+00
7.990000000000000000e+02 0.000000000000000000e+00
8.010000000000000000e+02 0.000000000000000000e+00
8.050000000000000000e+02 0.000000000000000000e+00
