1.000000000000000000e+00 2.530100000000000000e+04
1.000000000000000000e+00 1.550600000000000000e+04
2.000000000000000000e+00 9.697000000000000000e+03
3.000000000000000000e+01 5.891000000000000000e+03
1.320000000000000000e+02 3.670000000000000000e+03
2.480000000000000000e+02 2.354000000000000000e+03
3.420000000000000000e+02 1.452000000000000000e+03
4.480000000000000000e+02 8.830000000000000000e+02
5.150000000000000000e+02 5.260000000000000000e+02
5.870000000000000000e+02 2.950000000000000000e+02
6.460000000000000000e+02 1.560000000000000000e+02
6.870000000000000000e+02 7.600000000000000000e+01
7.260000000000000000e+02 3.700000000000000000e+01
7.660000000000000000e+02 1.900000000000000000e+01
7.860000000000000000e+02 1.300000000000000000e+01
8.050000000000000000e+02 1.100000000000000000e+01
8.080000000000000000e+02 9.000000000000000000e+00
8.140000000000000000e+02 6.000000000000000000e+00
8.200000000000000000e+02 6.000000000000000000e+00
