1.000000000000000000e+00 6.274000000000000000e+03
7.200000000000000000e+01 4.207000000000000000e+03
8.900000000000000000e+01 2.738000000000000000e+03
1.390000000000000000e+02 1.585000000000000000e+03
2.360000000000000000e+02 9.200000000000000000e+02
3.520000000000000000e+02 5.090000000000000000e+02
4.640000000000000000e+02 2.760000000000000000e+02
5.470000000000000000e+02 1.540000000000000000e+02
6.140000000000000000e+02 8.400000000000000000e+01
6.490000000000000000e+02 3.800000000000000000e+01
6.840000000000000000e+02 9.000000000000000000e+00
7.200000000000000000e+02 4.000000000000000000e+00
7.480000000000000000e+02 1.000000000000000000e+00
7.670000000000000000e+02 1.000000000000000000e+00
7.810000000000000000e+02 1.000000000000000000e+00
7.890000000000000000e+02 0.000000000000000000e+00
7.940000000000000000e+02 0.000000000000000000e+00
7.990000000000000000e+02 0.000000000000000000e+00
8.050000000000000000e+02 0.000000000000000000e+00
