1.000000000000000000e+00 2.048800000000000000e+04
1.000000000000000000e+00 1.193600000000000000e+04
6.000000000000000000e+00 6.952000000000000000e+03
9.200000000000000000e+01 3.908000000000000000e+03
2.400000000000000000e+02 2.255000000000000000e+03
3.670000000000000000e+02 1.317000000000000000e+03
4.740000000000000000e+02 7.600000000000000000e+02
5.330000000000000000e+02 3.900000000000000000e+02
6.020000000000000000e+02 1.820000000000000000e+02
6.570000000000000000e+02 7.800000000000000000e+01
7.150000000000000000e+02 2.700000000000000000e+01
7.590000000000000000e+02 9.000000000000000000e+00
7.890000000000000000e+02 3.000000000000000000e+00
8.090000000000000000e+02 1.000000000000000000e+00
8.200000000000000000e+02 0.000000000000000000e+00
8.250000000000000000e+02 0.000000000000000000e+00
8.310000000000000000e+02 0.000000000000000000e+00
8.330000000000000000e+02 0.000000000000000000e+00
8.340000000000000000e+02 0.000000000000000000e+00
