1.000000000000000000e+00 4.979900000000000000e+04
3.600000000000000000e+01 2.844400000000000000e+04
8.700000000000000000e+01 1.583400000000000000e+04
1.110000000000000000e+02 8.220000000000000000e+03
1.670000000000000000e+02 3.940000000000000000e+03
2.590000000000000000e+02 1.780000000000000000e+03
3.930000000000000000e+02 7.650000000000000000e+02
5.120000000000000000e+02 3.220000000000000000e+02
6.060000000000000000e+02 1.320000000000000000e+02
6.680000000000000000e+02 5.000000000000000000e+01
7.450000000000000000e+02 1.900000000000000000e+01
7.940000000000000000e+02 6.000000000000000000e+00
8.270000000000000000e+02 0.000000000000000000e+00
8.530000000000000000e+02 0.000000000000000000e+00
8.730000000000000000e+02 0.000000000000000000e+00
8.800000000000000000e+02 0.000000000000000000e+00
8.830000000000000000e+02 0.000000000000000000e+00
8.870000000000000000e+02 0.000000000000000000e+00
8.880000000000000000e+02 0.000000000000000000e+00
