1.000000000000000000e+00 3.709000000000000000e+03
1.000000000000000000e+01 2.184000000000000000e+03
7.000000000000000000e+01 1.322000000000000000e+03
1.690000000000000000e+02 7.880000000000000000e+02
3.320000000000000000e+02 5.040000000000000000e+02
4.470000000000000000e+02 3.260000000000000000e+02
5.300000000000000000e+02 1.990000000000000000e+02
6.030000000000000000e+02 1.210000000000000000e+02
6.540000000000000000e+02 7.200000000000000000e+01
6.840000000000000000e+02 4.600000000000000000e+01
7.060000000000000000e+02 3.200000000000000000e+01
7.280000000000000000e+02 2.300000000000000000e+01
7.480000000000000000e+02 1.600000000000000000e+01
7.640000000000000000e+02 1.400000000000000000e+01
7.730000000000000000e+02 9.000000000000000000e+00
7.790000000000000000e+02 5.000000000000000000e+00
7.870000000000000000e+02 5.000000000000000000e+00
7.910000000000000000e+02 1.000000000000000000e+00
7.930000000000000000e+02 0.000000000000000000e+00
