4.400000000000000000e+01 3.708000000000000000e+03
7.200000000000000000e+01 2.588000000000000000e+03
1.040000000000000000e+02 1.896000000000000000e+03
1.580000000000000000e+02 1.413000000000000000e+03
2.200000000000000000e+02 1.021000000000000000e+03
3.060000000000000000e+02 7.630000000000000000e+02
3.750000000000000000e+02 5.590000000000000000e+02
4.460000000000000000e+02 4.060000000000000000e+02
5.070000000000000000e+02 2.920000000000000000e+02
5.490000000000000000e+02 2.200000000000000000e+02
5.980000000000000000e+02 1.700000000000000000e+02
6.270000000000000000e+02 1.210000000000000000e+02
6.620000000000000000e+02 9.100000000000000000e+01
6.800000000000000000e+02 5.700000000000000000e+01
6.970000000000000000e+02 3.700000000000000000e+01
7.130000000000000000e+02 2.400000000000000000e+01
7.330000000000000000e+02 1.300000000000000000e+01
7.420000000000000000e+02 7.000000000000000000e+00
7.560000000000000000e+02 2.000000000000000000e+00
