1.000000000000000000e+00 1.644900000000000000e+04
7.200000000000000000e+01 9.773000000000000000e+03
8.600000000000000000e+01 5.441000000000000000e+03
1.330000000000000000e+02 2.807000000000000000e+03
2.290000000000000000e+02 1.337000000000000000e+03
3.510000000000000000e+02 6.100000000000000000e+02
4.800000000000000000e+02 2.890000000000000000e+02
5.800000000000000000e+02 1.340000000000000000e+02
6.580000000000000000e+02 7.200000000000000000e+01
7.180000000000000000e+02 3.200000000000000000e+01
7.480000000000000000e+02 1.500000000000000000e+01
7.740000000000000000e+02 7.000000000000000000e+00
7.850000000000000000e+02 3.000000000000000000e+00
7.960000000000000000e+02 1.000000000000000000e+00
8.030000000000000000e+02 0.000000000000000000e+00
8.080000000000000000e+02 0.000000000000000000e+00
8.170000000000000000e+02 0.000000000000000000e+00
8.180000000000000000e+02 0.000000000000000000e+00
8.230000000000000000e+02 0.000000000000000000e+00
