1.000000000000000000e+00 1.674800000000000000e+04
1.000000000000000000e+00 1.003700000000000000e+04
6.000000000000000000e+00 6.203000000000000000e+03
5.700000000000000000e+01 3.758000000000000000e+03
1.700000000000000000e+02 2.292000000000000000e+03
3.090000000000000000e+02 1.477000000000000000e+03
4.100000000000000000e+02 9.310000000000000000e+02
4.980000000000000000e+02 5.870000000000000000e+02
5.650000000000000000e+02 3.540000000000000000e+02
6.140000000000000000e+02 2.120000000000000000e+02
6.490000000000000000e+02 1.020000000000000000e+02
6.980000000000000000e+02 4.500000000000000000e+01
7.360000000000000000e+02 1.700000000000000000e+01
7.600000000000000000e+02 7.000000000000000000e+00
7.910000000000000000e+02 3.000000000000000000e+00
8.050000000000000000e+02 1.000000000000000000e+00
8.130000000000000000e+02 1.000000000000000000e+00
8.150000000000000000e+02 1.000000000000000000e+00
8.160000000000000000e+02 1.000000000000000000e+00
