9.000000000000000000e+00 3.932000000000000000e+03
7.700000000000000000e+01 2.633000000000000000e+03
1.370000000000000000e+02 1.635000000000000000e+03
2.460000000000000000e+02 9.840000000000000000e+02
3.590000000000000000e+02 5.780000000000000000e+02
4.820000000000000000e+02 3.200000000000000000e+02
5.670000000000000000e+02 1.880000000000000000e+02
6.310000000000000000e+02 1.200000000000000000e+02
6.750000000000000000e+02 7.100000000000000000e+01
7.010000000000000000e+02 4.000000000000000000e+01
7.340000000000000000e+02 2.200000000000000000e+01
7.560000000000000000e+02 1.200000000000000000e+01
7.710000000000000000e+02 2.000000000000000000e+00
7.800000000000000000e+02 1.000000000000000000e+00
7.870000000000000000e+02 0.000000000000000000e+00
7.910000000000000000e+02 0.000000000000000000e+00
7.940000000000000000e+02 0.000000000000000000e+00
7.970000000000000000e+02 0.000000000000000000e+00
7.980000000000000000e+02 0.000000000000000000e+00
