1.000000000000000000e+00 3.701000000000000000e+03
1.900000000000000000e+01 2.167000000000000000e+03
9.900000000000000000e+01 1.260000000000000000e+03
2.330000000000000000e+02 7.230000000000000000e+02
3.480000000000000000e+02 4.480000000000000000e+02
4.690000000000000000e+02 2.360000000000000000e+02
5.690000000000000000e+02 1.390000000000000000e+02
6.280000000000000000e+02 8.000000000000000000e+01
6.680000000000000000e+02 5.000000000000000000e+01
7.090000000000000000e+02 3.000000000000000000e+01
7.350000000000000000e+02 2.000000000000000000e+01
7.520000000000000000e+02 1.300000000000000000e+01
7.630000000000000000e+02 7.000000000000000000e+00
7.780000000000000000e+02 4.000000000000000000e+00
7.850000000000000000e+02 2.000000000000000000e+00
7.900000000000000000e+02 1.000000000000000000e+00
7.950000000000000000e+02 1.000000000000000000e+00
7.960000000000000000e+02 1.000000000000000000e+00
7.970000000000000000e+02 0.000000000000000000e+00
