1.000000000000000000e+00 2.651700000000000000e+04
3.100000000000000000e+01 1.712600000000000000e+04
8.000000000000000000e+01 1.088100000000000000e+04
8.900000000000000000e+01 6.532000000000000000e+03
1.290000000000000000e+02 3.695000000000000000e+03
1.930000000000000000e+02 2.006000000000000000e+03
2.740000000000000000e+02 1.015000000000000000e+03
3.700000000000000000e+02 4.890000000000000000e+02
4.960000000000000000e+02 2.140000000000000000e+02
5.990000000000000000e+02 8.700000000000000000e+01
6.790000000000000000e+02 3.500000000000000000e+01
7.380000000000000000e+02 1.100000000000000000e+01
7.660000000000000000e+02 4.000000000000000000e+00
7.940000000000000000e+02 2.000000000000000000e+00
8.140000000000000000e+02 0.000000000000000000e+00
8.200000000000000000e+02 0.000000000000000000e+00
8.300000000000000000e+02 0.000000000000000000e+00
8.350000000000000000e+02 0.000000000000000000e+00
8.390000000000000000e+02 0.000000000000000000e+00
