1.000000000000000000e+00 1.146000000000000000e+04
3.200000000000000000e+01 2.795000000000000000e+03
5.020000000000000000e+02 7.220000000000000000e+02
7.180000000000000000e+02 4.090000000000000000e+02
7.610000000000000000e+02 3.270000000000000000e+02
7.660000000000000000e+02 2.390000000000000000e+02
7.690000000000000000e+02 1.590000000000000000e+02
7.730000000000000000e+02 1.090000000000000000e+02
7.760000000000000000e+02 6.600000000000000000e+01
7.780000000000000000e+02 4.100000000000000000e+01
7.840000000000000000e+02 2.300000000000000000e+01
7.930000000000000000e+02 9.000000000000000000e+00
8.010000000000000000e+02 3.000000000000000000e+00
8.060000000000000000e+02 2.000000000000000000e+00
8.140000000000000000e+02 0.000000000000000000e+00
8.150000000000000000e+02 0.000000000000000000e+00
8.220000000000000000e+02 0.000000000000000000e+00
8.240000000000000000e+02 0.000000000000000000e+00
8.260000000000000000e+02 0.000000000000000000e+00
