1.000000000000000000e+00 8.036000000000000000e+03
4.000000000000000000e+00 4.836000000000000000e+03
5.800000000000000000e+01 2.729000000000000000e+03
2.220000000000000000e+02 1.522000000000000000e+03
3.800000000000000000e+02 9.050000000000000000e+02
4.960000000000000000e+02 5.300000000000000000e+02
5.790000000000000000e+02 3.170000000000000000e+02
6.290000000000000000e+02 1.950000000000000000e+02
6.690000000000000000e+02 1.020000000000000000e+02
7.160000000000000000e+02 4.400000000000000000e+01
7.450000000000000000e+02 1.700000000000000000e+01
7.700000000000000000e+02 8.000000000000000000e+00
7.830000000000000000e+02 3.000000000000000000e+00
7.940000000000000000e+02 0.000000000000000000e+00
8.000000000000000000e+02 0.000000000000000000e+00
8.020000000000000000e+02 0.000000000000000000e+00
8.040000000000000000e+02 0.000000000000000000e+00
8.070000000000000000e+02 0.000000000000000000e+00
8.100000000000000000e+02 0.000000000000000000e+00
