1.000000000000000000e+00 1.686700000000000000e+04
1.000000000000000000e+00 1.012400000000000000e+04
3.000000000000000000e+00 6.238000000000000000e+03
5.500000000000000000e+01 3.772000000000000000e+03
1.640000000000000000e+02 2.305000000000000000e+03
3.040000000000000000e+02 1.461000000000000000e+03
4.100000000000000000e+02 9.130000000000000000e+02
4.990000000000000000e+02 5.690000000000000000e+02
5.690000000000000000e+02 3.430000000000000000e+02
6.170000000000000000e+02 2.000000000000000000e+02
6.540000000000000000e+02 9.300000000000000000e+01
6.980000000000000000e+02 4.000000000000000000e+01
7.320000000000000000e+02 1.400000000000000000e+01
7.650000000000000000e+02 4.000000000000000000e+00
7.950000000000000000e+02 2.000000000000000000e+00
8.050000000000000000e+02 1.000000000000000000e+00
8.140000000000000000e+02 1.000000000000000000e+00
8.140000000000000000e+02 1.000000000000000000e+00
8.170000000000000000e+02 1.000000000000000000e+00
