1.000000000000000000e+00 2.360000000000000000e+04
2.700000000000000000e+01 1.283400000000000000e+04
1.040000000000000000e+02 6.143000000000000000e+03
2.130000000000000000e+02 2.985000000000000000e+03
3.400000000000000000e+02 1.361000000000000000e+03
4.630000000000000000e+02 6.130000000000000000e+02
5.590000000000000000e+02 2.600000000000000000e+02
6.570000000000000000e+02 1.090000000000000000e+02
7.080000000000000000e+02 4.200000000000000000e+01
7.580000000000000000e+02 6.000000000000000000e+00
7.950000000000000000e+02 0.000000000000000000e+00
8.140000000000000000e+02 0.000000000000000000e+00
8.210000000000000000e+02 0.000000000000000000e+00
8.260000000000000000e+02 0.000000000000000000e+00
8.310000000000000000e+02 0.000000000000000000e+00
8.360000000000000000e+02 0.000000000000000000e+00
8.400000000000000000e+02 0.000000000000000000e+00
8.400000000000000000e+02 0.000000000000000000e+00
8.410000000000000000e+02 0.000000000000000000e+00
