1.000000000000000000e+00 2.626000000000000000e+03
1.690000000000000000e+02 6.220000000000000000e+02
5.140000000000000000e+02 1.500000000000000000e+02
7.280000000000000000e+02 7.500000000000000000e+01
7.710000000000000000e+02 5.800000000000000000e+01
7.770000000000000000e+02 3.700000000000000000e+01
7.790000000000000000e+02 3.000000000000000000e+01
7.810000000000000000e+02 2.400000000000000000e+01
7.830000000000000000e+02 1.300000000000000000e+01
7.850000000000000000e+02 1.000000000000000000e+01
7.860000000000000000e+02 7.000000000000000000e+00
7.880000000000000000e+02 3.000000000000000000e+00
7.900000000000000000e+02 0.000000000000000000e+00
7.910000000000000000e+02 0.000000000000000000e+00
7.950000000000000000e+02 0.000000000000000000e+00
7.970000000000000000e+02 0.000000000000000000e+00
7.990000000000000000e+02 0.000000000000000000e+00
8.010000000000000000e+02 0.000000000000000000e+00
8.020000000000000000e+02 0.000000000000000000e+00
