4.000000000000000000e+01 9.422000000000000000e+03
7.300000000000000000e+01 7.763000000000000000e+03
7.500000000000000000e+01 6.456000000000000000e+03
7.900000000000000000e+01 5.295000000000000000e+03
8.600000000000000000e+01 4.270000000000000000e+03
1.030000000000000000e+02 3.449000000000000000e+03
1.270000000000000000e+02 2.790000000000000000e+03
1.690000000000000000e+02 2.260000000000000000e+03
2.090000000000000000e+02 1.868000000000000000e+03
2.530000000000000000e+02 1.560000000000000000e+03
3.060000000000000000e+02 1.297000000000000000e+03
3.490000000000000000e+02 1.080000000000000000e+03
3.920000000000000000e+02 8.880000000000000000e+02
4.140000000000000000e+02 7.070000000000000000e+02
4.440000000000000000e+02 5.700000000000000000e+02
4.720000000000000000e+02 4.500000000000000000e+02
4.980000000000000000e+02 3.560000000000000000e+02
5.170000000000000000e+02 2.740000000000000000e+02
5.510000000000000000e+02 2.140000000000000000e+02
