1.000000000000000000e+00 1.267300000000000000e+04
6.000000000000000000e+00 4.378000000000000000e+03
2.490000000000000000e+02 1.398000000000000000e+03
5.480000000000000000e+02 5.670000000000000000e+02
6.740000000000000000e+02 3.360000000000000000e+02
7.490000000000000000e+02 2.310000000000000000e+02
7.620000000000000000e+02 1.430000000000000000e+02
7.700000000000000000e+02 9.700000000000000000e+01
7.790000000000000000e+02 5.800000000000000000e+01
7.850000000000000000e+02 2.800000000000000000e+01
7.900000000000000000e+02 9.000000000000000000e+00
7.950000000000000000e+02 4.000000000000000000e+00
8.080000000000000000e+02 0.000000000000000000e+00
8.130000000000000000e+02 0.000000000000000000e+00
8.160000000000000000e+02 0.000000000000000000e+00
8.220000000000000000e+02 0.000000000000000000e+00
8.240000000000000000e+02 0.000000000000000000e+00
8.260000000000000000e+02 0.000000000000000000e+00
8.260000000000000000e+02 0.000000000000000000e+00
