1.200000000000000000e+01 6.166000000000000000e+03
7.200000000000000000e+01 4.426000000000000000e+03
8.500000000000000000e+01 3.086000000000000000e+03
1.290000000000000000e+02 2.045000000000000000e+03
1.960000000000000000e+02 1.321000000000000000e+03
2.910000000000000000e+02 8.740000000000000000e+02
3.890000000000000000e+02 5.810000000000000000e+02
4.760000000000000000e+02 3.670000000000000000e+02
5.520000000000000000e+02 2.330000000000000000e+02
6.010000000000000000e+02 1.530000000000000000e+02
6.390000000000000000e+02 8.300000000000000000e+01
6.760000000000000000e+02 5.100000000000000000e+01
7.000000000000000000e+02 2.900000000000000000e+01
7.200000000000000000e+02 1.600000000000000000e+01
7.400000000000000000e+02 8.000000000000000000e+00
7.560000000000000000e+02 3.000000000000000000e+00
7.690000000000000000e+02 1.000000000000000000e+00
7.760000000000000000e+02 1.000000000000000000e+00
7.860000000000000000e+02 0.000000000000000000e+00
