1.000000000000000000e+00 4.963100000000000000e+04
7.200000000000000000e+01 2.838800000000000000e+04
8.500000000000000000e+01 1.635100000000000000e+04
1.110000000000000000e+02 8.687000000000000000e+03
1.470000000000000000e+02 4.260000000000000000e+03
2.020000000000000000e+02 1.950000000000000000e+03
3.140000000000000000e+02 8.520000000000000000e+02
4.670000000000000000e+02 3.460000000000000000e+02
5.960000000000000000e+02 1.410000000000000000e+02
6.890000000000000000e+02 5.800000000000000000e+01
7.470000000000000000e+02 1.700000000000000000e+01
7.930000000000000000e+02 7.000000000000000000e+00
8.210000000000000000e+02 2.000000000000000000e+00
8.430000000000000000e+02 0.000000000000000000e+00
8.630000000000000000e+02 0.000000000000000000e+00
8.750000000000000000e+02 0.000000000000000000e+00
8.790000000000000000e+02 0.000000000000000000e+00
8.840000000000000000e+02 0.000000000000000000e+00
8.860000000000000000e+02 0.000000000000000000e+00
