1.000000000000000000e+00 2.343200000000000000e+04
1.000000000000000000e+00 1.264000000000000000e+04
9.000000000000000000e+00 6.842000000000000000e+03
1.010000000000000000e+02 3.602000000000000000e+03
2.600000000000000000e+02 1.934000000000000000e+03
3.940000000000000000e+02 1.012000000000000000e+03
5.070000000000000000e+02 5.120000000000000000e+02
6.200000000000000000e+02 2.690000000000000000e+02
6.830000000000000000e+02 1.290000000000000000e+02
7.320000000000000000e+02 5.800000000000000000e+01
7.670000000000000000e+02 3.000000000000000000e+01
7.970000000000000000e+02 1.400000000000000000e+01
8.080000000000000000e+02 1.300000000000000000e+01
8.150000000000000000e+02 8.000000000000000000e+00
8.180000000000000000e+02 5.000000000000000000e+00
8.210000000000000000e+02 1.000000000000000000e+00
8.300000000000000000e+02 0.000000000000000000e+00
8.330000000000000000e+02 0.000000000000000000e+00
8.350000000000000000e+02 0.000000000000000000e+00
