1.000000000000000000e+00 1.297900000000000000e+04
3.500000000000000000e+01 8.609000000000000000e+03
8.100000000000000000e+01 5.488000000000000000e+03
2.110000000000000000e+02 3.425000000000000000e+03
3.150000000000000000e+02 2.134000000000000000e+03
3.660000000000000000e+02 1.300000000000000000e+03
4.290000000000000000e+02 7.170000000000000000e+02
5.070000000000000000e+02 3.860000000000000000e+02
5.960000000000000000e+02 1.950000000000000000e+02
6.570000000000000000e+02 9.100000000000000000e+01
7.060000000000000000e+02 3.800000000000000000e+01
7.430000000000000000e+02 1.400000000000000000e+01
7.650000000000000000e+02 6.000000000000000000e+00
7.890000000000000000e+02 2.000000000000000000e+00
8.030000000000000000e+02 0.000000000000000000e+00
8.100000000000000000e+02 0.000000000000000000e+00
8.130000000000000000e+02 0.000000000000000000e+00
8.160000000000000000e+02 0.000000000000000000e+00
8.160000000000000000e+02 0.000000000000000000e+00
