4.600000000000000000e+01 3.541400000000000000e+04
7.800000000000000000e+01 2.602500000000000000e+04
8.500000000000000000e+01 1.908300000000000000e+04
9.400000000000000000e+01 1.362800000000000000e+04
1.130000000000000000e+02 9.640000000000000000e+03
1.460000000000000000e+02 6.879000000000000000e+03
1.960000000000000000e+02 4.870000000000000000e+03
2.560000000000000000e+02 3.455000000000000000e+03
3.110000000000000000e+02 2.361000000000000000e+03
3.660000000000000000e+02 1.577000000000000000e+03
4.110000000000000000e+02 1.060000000000000000e+03
4.590000000000000000e+02 7.340000000000000000e+02
5.020000000000000000e+02 4.720000000000000000e+02
5.280000000000000000e+02 2.940000000000000000e+02
5.620000000000000000e+02 1.680000000000000000e+02
5.990000000000000000e+02 1.060000000000000000e+02
6.560000000000000000e+02 5.400000000000000000e+01
6.980000000000000000e+02 3.100000000000000000e+01
7.240000000000000000e+02 1.700000000000000000e+01
