1.000000000000000000e+00 2.848600000000000000e+04
1.000000000000000000e+00 2.028400000000000000e+04
1.000000000000000000e+00 1.323100000000000000e+04
1.000000000000000000e+00 8.514000000000000000e+03
1.700000000000000000e+01 5.329000000000000000e+03
9.000000000000000000e+01 3.165000000000000000e+03
1.930000000000000000e+02 1.903000000000000000e+03
3.220000000000000000e+02 1.096000000000000000e+03
4.340000000000000000e+02 6.060000000000000000e+02
5.300000000000000000e+02 3.360000000000000000e+02
6.140000000000000000e+02 1.640000000000000000e+02
6.820000000000000000e+02 7.300000000000000000e+01
7.210000000000000000e+02 2.600000000000000000e+01
7.570000000000000000e+02 2.000000000000000000e+00
7.980000000000000000e+02 0.000000000000000000e+00
8.230000000000000000e+02 0.000000000000000000e+00
8.330000000000000000e+02 0.000000000000000000e+00
8.400000000000000000e+02 0.000000000000000000e+00
8.410000000000000000e+02 0.000000000000000000e+00
