1.000000000000000000e+00 2.442200000000000000e+04
7.400000000000000000e+01 1.393300000000000000e+04
9.200000000000000000e+01 7.598000000000000000e+03
1.280000000000000000e+02 3.746000000000000000e+03
2.150000000000000000e+02 1.623000000000000000e+03
3.390000000000000000e+02 6.790000000000000000e+02
4.900000000000000000e+02 2.430000000000000000e+02
5.950000000000000000e+02 8.800000000000000000e+01
6.960000000000000000e+02 1.700000000000000000e+01
7.410000000000000000e+02 4.000000000000000000e+00
7.760000000000000000e+02 0.000000000000000000e+00
7.970000000000000000e+02 0.000000000000000000e+00
8.210000000000000000e+02 0.000000000000000000e+00
8.290000000000000000e+02 0.000000000000000000e+00
8.330000000000000000e+02 0.000000000000000000e+00
8.370000000000000000e+02 0.000000000000000000e+00
8.380000000000000000e+02 0.000000000000000000e+00
8.400000000000000000e+02 0.000000000000000000e+00
8.410000000000000000e+02 0.000000000000000000e+00
