1.000000000000000000e+00 1.652000000000000000e+04
2.800000000000000000e+01 9.890000000000000000e+03
9.300000000000000000e+01 5.518000000000000000e+03
1.490000000000000000e+02 2.963000000000000000e+03
2.660000000000000000e+02 1.471000000000000000e+03
4.140000000000000000e+02 6.800000000000000000e+02
5.360000000000000000e+02 2.990000000000000000e+02
6.370000000000000000e+02 1.330000000000000000e+02
7.030000000000000000e+02 6.900000000000000000e+01
7.360000000000000000e+02 2.800000000000000000e+01
7.650000000000000000e+02 7.000000000000000000e+00
7.830000000000000000e+02 3.000000000000000000e+00
7.920000000000000000e+02 0.000000000000000000e+00
8.000000000000000000e+02 0.000000000000000000e+00
8.050000000000000000e+02 0.000000000000000000e+00
8.150000000000000000e+02 0.000000000000000000e+00
8.190000000000000000e+02 0.000000000000000000e+00
8.210000000000000000e+02 0.000000000000000000e+00
8.220000000000000000e+02 0.000000000000000000e+00
