1.000000000000000000e+00 3.686000000000000000e+03
2.200000000000000000e+01 2.168000000000000000e+03
1.020000000000000000e+02 1.253000000000000000e+03
2.370000000000000000e+02 7.280000000000000000e+02
3.540000000000000000e+02 4.340000000000000000e+02
4.730000000000000000e+02 2.340000000000000000e+02
5.720000000000000000e+02 1.340000000000000000e+02
6.250000000000000000e+02 8.200000000000000000e+01
6.760000000000000000e+02 5.100000000000000000e+01
7.150000000000000000e+02 2.700000000000000000e+01
7.390000000000000000e+02 1.500000000000000000e+01
7.550000000000000000e+02 1.100000000000000000e+01
7.670000000000000000e+02 7.000000000000000000e+00
7.780000000000000000e+02 3.000000000000000000e+00
7.870000000000000000e+02 1.000000000000000000e+00
7.940000000000000000e+02 1.000000000000000000e+00
7.950000000000000000e+02 1.000000000000000000e+00
7.960000000000000000e+02 0.000000000000000000e+00
7.970000000000000000e+02 0.000000000000000000e+00
