5.000000000000000000e+00 4.025000000000000000e+03
7.300000000000000000e+01 2.701000000000000000e+03
1.060000000000000000e+02 1.780000000000000000e+03
1.870000000000000000e+02 1.082000000000000000e+03
2.960000000000000000e+02 6.450000000000000000e+02
4.220000000000000000e+02 3.990000000000000000e+02
5.240000000000000000e+02 2.440000000000000000e+02
5.960000000000000000e+02 1.520000000000000000e+02
6.430000000000000000e+02 9.600000000000000000e+01
6.790000000000000000e+02 5.200000000000000000e+01
7.130000000000000000e+02 2.300000000000000000e+01
7.380000000000000000e+02 1.100000000000000000e+01
7.570000000000000000e+02 5.000000000000000000e+00
7.760000000000000000e+02 3.000000000000000000e+00
7.800000000000000000e+02 0.000000000000000000e+00
7.880000000000000000e+02 0.000000000000000000e+00
7.900000000000000000e+02 0.000000000000000000e+00
7.940000000000000000e+02 0.000000000000000000e+00
7.980000000000000000e+02 0.000000000000000000e+00
