1.000000000000000000e+00 3.707000000000000000e+03
1.300000000000000000e+01 2.163000000000000000e+03
7.500000000000000000e+01 1.308000000000000000e+03
1.840000000000000000e+02 7.510000000000000000e+02
3.350000000000000000e+02 4.770000000000000000e+02
4.560000000000000000e+02 2.920000000000000000e+02
5.420000000000000000e+02 1.740000000000000000e+02
6.120000000000000000e+02 9.800000000000000000e+01
6.660000000000000000e+02 6.300000000000000000e+01
6.900000000000000000e+02 4.300000000000000000e+01
7.140000000000000000e+02 2.500000000000000000e+01
7.380000000000000000e+02 2.000000000000000000e+01
7.570000000000000000e+02 1.500000000000000000e+01
7.700000000000000000e+02 8.000000000000000000e+00
7.760000000000000000e+02 7.000000000000000000e+00
7.840000000000000000e+02 4.000000000000000000e+00
7.900000000000000000e+02 1.000000000000000000e+00
7.930000000000000000e+02 0.000000000000000000e+00
7.940000000000000000e+02 0.000000000000000000e+00
