1.000000000000000000e+00 2.043200000000000000e+04
1.000000000000000000e+00 1.182300000000000000e+04
6.000000000000000000e+00 6.853000000000000000e+03
9.400000000000000000e+01 3.825000000000000000e+03
2.420000000000000000e+02 2.202000000000000000e+03
3.750000000000000000e+02 1.270000000000000000e+03
4.810000000000000000e+02 7.320000000000000000e+02
5.410000000000000000e+02 3.710000000000000000e+02
6.060000000000000000e+02 1.690000000000000000e+02
6.630000000000000000e+02 7.200000000000000000e+01
7.230000000000000000e+02 2.600000000000000000e+01
7.630000000000000000e+02 8.000000000000000000e+00
7.930000000000000000e+02 3.000000000000000000e+00
8.100000000000000000e+02 0.000000000000000000e+00
8.220000000000000000e+02 0.000000000000000000e+00
8.270000000000000000e+02 0.000000000000000000e+00
8.320000000000000000e+02 0.000000000000000000e+00
8.340000000000000000e+02 0.000000000000000000e+00
8.340000000000000000e+02 0.000000000000000000e+00
