5.100000000000000000e+01 2.507700000000000000e+04
8.000000000000000000e+01 1.733100000000000000e+04
9.000000000000000000e+01 1.164700000000000000e+04
1.010000000000000000e+02 7.569000000000000000e+03
1.230000000000000000e+02 4.811000000000000000e+03
1.810000000000000000e+02 2.928000000000000000e+03
2.820000000000000000e+02 1.779000000000000000e+03
3.840000000000000000e+02 1.098000000000000000e+03
4.710000000000000000e+02 6.900000000000000000e+02
5.540000000000000000e+02 4.640000000000000000e+02
6.140000000000000000e+02 3.050000000000000000e+02
6.580000000000000000e+02 1.940000000000000000e+02
6.880000000000000000e+02 1.140000000000000000e+02
7.210000000000000000e+02 6.400000000000000000e+01
7.450000000000000000e+02 3.100000000000000000e+01
7.610000000000000000e+02 1.200000000000000000e+01
7.780000000000000000e+02 6.000000000000000000e+00
7.970000000000000000e+02 4.000000000000000000e+00
8.050000000000000000e+02 0.000000000000000000e+00
