6.500000000000000000e+01 7.663000000000000000e+03
7.000000000000000000e+01 5.073000000000000000e+03
9.300000000000000000e+01 3.263000000000000000e+03
1.900000000000000000e+02 2.101000000000000000e+03
3.100000000000000000e+02 1.315000000000000000e+03
4.040000000000000000e+02 8.240000000000000000e+02
4.970000000000000000e+02 5.120000000000000000e+02
5.460000000000000000e+02 3.160000000000000000e+02
6.080000000000000000e+02 2.000000000000000000e+02
6.500000000000000000e+02 1.240000000000000000e+02
6.980000000000000000e+02 7.800000000000000000e+01
7.270000000000000000e+02 4.800000000000000000e+01
7.460000000000000000e+02 3.500000000000000000e+01
7.620000000000000000e+02 2.800000000000000000e+01
7.720000000000000000e+02 1.600000000000000000e+01
7.760000000000000000e+02 8.000000000000000000e+00
7.810000000000000000e+02 8.000000000000000000e+00
7.860000000000000000e+02 5.000000000000000000e+00
7.900000000000000000e+02 4.000000000000000000e+00
