1.000000000000000000e+00 1.824500000000000000e+04
7.200000000000000000e+01 1.295000000000000000e+04
7.800000000000000000e+01 9.125000000000000000e+03
8.300000000000000000e+01 6.135000000000000000e+03
9.900000000000000000e+01 4.006000000000000000e+03
1.470000000000000000e+02 2.411000000000000000e+03
2.150000000000000000e+02 1.464000000000000000e+03
3.020000000000000000e+02 8.380000000000000000e+02
4.050000000000000000e+02 4.600000000000000000e+02
4.760000000000000000e+02 2.480000000000000000e+02
5.590000000000000000e+02 1.150000000000000000e+02
6.140000000000000000e+02 5.700000000000000000e+01
6.770000000000000000e+02 2.800000000000000000e+01
7.050000000000000000e+02 2.000000000000000000e+01
7.350000000000000000e+02 7.000000000000000000e+00
7.660000000000000000e+02 2.000000000000000000e+00
7.890000000000000000e+02 2.000000000000000000e+00
7.980000000000000000e+02 0.000000000000000000e+00
8.040000000000000000e+02 0.000000000000000000e+00
