4.000000000000000000e+00 3.917000000000000000e+03
7.300000000000000000e+01 2.555000000000000000e+03
1.090000000000000000e+02 1.611000000000000000e+03
2.080000000000000000e+02 9.350000000000000000e+02
3.340000000000000000e+02 5.500000000000000000e+02
4.540000000000000000e+02 3.150000000000000000e+02
5.540000000000000000e+02 1.800000000000000000e+02
6.380000000000000000e+02 1.060000000000000000e+02
6.990000000000000000e+02 5.700000000000000000e+01
7.270000000000000000e+02 2.700000000000000000e+01
7.490000000000000000e+02 1.700000000000000000e+01
7.620000000000000000e+02 1.100000000000000000e+01
7.690000000000000000e+02 4.000000000000000000e+00
7.770000000000000000e+02 0.000000000000000000e+00
7.860000000000000000e+02 0.000000000000000000e+00
7.880000000000000000e+02 0.000000000000000000e+00
7.950000000000000000e+02 0.000000000000000000e+00
7.980000000000000000e+02 0.000000000000000000e+00
8.000000000000000000e+02 0.000000000000000000e+00
