1.000000000000000000e+00 8.125000000000000000e+03
3.000000000000000000e+00 5.048000000000000000e+03
4.000000000000000000e+01 2.856000000000000000e+03
1.770000000000000000e+02 1.643000000000000000e+03
3.540000000000000000e+02 1.020000000000000000e+03
4.830000000000000000e+02 6.350000000000000000e+02
5.650000000000000000e+02 4.070000000000000000e+02
6.170000000000000000e+02 2.500000000000000000e+02
6.510000000000000000e+02 1.400000000000000000e+02
6.940000000000000000e+02 8.200000000000000000e+01
7.220000000000000000e+02 4.800000000000000000e+01
7.500000000000000000e+02 2.900000000000000000e+01
7.610000000000000000e+02 1.300000000000000000e+01
7.730000000000000000e+02 5.000000000000000000e+00
7.830000000000000000e+02 3.000000000000000000e+00
7.890000000000000000e+02 1.000000000000000000e+00
7.980000000000000000e+02 0.000000000000000000e+00
8.010000000000000000e+02 0.000000000000000000e+00
8.050000000000000000e+02 0.000000000000000000e+00
