1.000000000000000000e+00 2.190900000000000000e+04
1.000000000000000000e+00 1.052300000000000000e+04
3.600000000000000000e+01 4.873000000000000000e+03
1.870000000000000000e+02 2.253000000000000000e+03
3.970000000000000000e+02 1.042000000000000000e+03
5.550000000000000000e+02 5.270000000000000000e+02
6.740000000000000000e+02 2.920000000000000000e+02
7.240000000000000000e+02 1.670000000000000000e+02
7.640000000000000000e+02 1.050000000000000000e+02
7.790000000000000000e+02 6.600000000000000000e+01
7.880000000000000000e+02 3.800000000000000000e+01
7.960000000000000000e+02 1.800000000000000000e+01
8.020000000000000000e+02 4.000000000000000000e+00
8.130000000000000000e+02 2.000000000000000000e+00
8.260000000000000000e+02 0.000000000000000000e+00
8.320000000000000000e+02 0.000000000000000000e+00
8.360000000000000000e+02 0.000000000000000000e+00
8.400000000000000000e+02 0.000000000000000000e+00
8.400000000000000000e+02 0.000000000000000000e+00
