1.000000000000000000e+00 3.349300000000000000e+04
2.800000000000000000e+01 1.965300000000000000e+04
8.300000000000000000e+01 1.073000000000000000e+04
1.180000000000000000e+02 5.544000000000000000e+03
1.850000000000000000e+02 2.644000000000000000e+03
3.210000000000000000e+02 1.269000000000000000e+03
4.760000000000000000e+02 5.730000000000000000e+02
5.870000000000000000e+02 2.820000000000000000e+02
6.680000000000000000e+02 1.550000000000000000e+02
7.220000000000000000e+02 7.200000000000000000e+01
7.590000000000000000e+02 3.800000000000000000e+01
7.860000000000000000e+02 1.100000000000000000e+01
8.040000000000000000e+02 4.000000000000000000e+00
8.210000000000000000e+02 3.000000000000000000e+00
8.310000000000000000e+02 3.000000000000000000e+00
8.450000000000000000e+02 1.000000000000000000e+00
8.490000000000000000e+02 0.000000000000000000e+00
8.540000000000000000e+02 0.000000000000000000e+00
8.570000000000000000e+02 0.000000000000000000e+00
