1.000000000000000000e+00 3.709000000000000000e+03
1.100000000000000000e+01 2.162000000000000000e+03
7.200000000000000000e+01 1.311000000000000000e+03
1.770000000000000000e+02 7.710000000000000000e+02
3.370000000000000000e+02 4.920000000000000000e+02
4.520000000000000000e+02 3.110000000000000000e+02
5.400000000000000000e+02 1.860000000000000000e+02
6.090000000000000000e+02 1.110000000000000000e+02
6.580000000000000000e+02 6.800000000000000000e+01
6.870000000000000000e+02 4.500000000000000000e+01
7.090000000000000000e+02 3.100000000000000000e+01
7.340000000000000000e+02 2.100000000000000000e+01
7.510000000000000000e+02 1.600000000000000000e+01
7.690000000000000000e+02 1.200000000000000000e+01
7.740000000000000000e+02 9.000000000000000000e+00
7.820000000000000000e+02 5.000000000000000000e+00
7.890000000000000000e+02 3.000000000000000000e+00
7.910000000000000000e+02 0.000000000000000000e+00
7.940000000000000000e+02 0.000000000000000000e+00
