1.000000000000000000e+00 3.450000000000000000e+04
7.600000000000000000e+01 2.381200000000000000e+04
8.300000000000000000e+01 1.630400000000000000e+04
9.900000000000000000e+01 1.080600000000000000e+04
1.110000000000000000e+02 6.909000000000000000e+03
1.420000000000000000e+02 4.290000000000000000e+03
2.000000000000000000e+02 2.589000000000000000e+03
2.910000000000000000e+02 1.555000000000000000e+03
3.760000000000000000e+02 9.280000000000000000e+02
4.640000000000000000e+02 5.470000000000000000e+02
5.340000000000000000e+02 3.080000000000000000e+02
5.850000000000000000e+02 1.660000000000000000e+02
6.440000000000000000e+02 7.000000000000000000e+01
6.900000000000000000e+02 3.200000000000000000e+01
7.410000000000000000e+02 1.100000000000000000e+01
7.680000000000000000e+02 4.000000000000000000e+00
7.960000000000000000e+02 1.000000000000000000e+00
8.160000000000000000e+02 0.000000000000000000e+00
8.270000000000000000e+02 0.000000000000000000e+00
