1.000000000000000000e+00 2.024600000000000000e+04
1.000000000000000000e+00 1.161100000000000000e+04
1.400000000000000000e+01 6.572000000000000000e+03
1.180000000000000000e+02 3.596000000000000000e+03
2.570000000000000000e+02 2.052000000000000000e+03
3.910000000000000000e+02 1.153000000000000000e+03
4.930000000000000000e+02 6.340000000000000000e+02
5.530000000000000000e+02 3.060000000000000000e+02
6.250000000000000000e+02 1.370000000000000000e+02
6.860000000000000000e+02 5.400000000000000000e+01
7.380000000000000000e+02 1.700000000000000000e+01
7.800000000000000000e+02 7.000000000000000000e+00
7.990000000000000000e+02 2.000000000000000000e+00
8.140000000000000000e+02 0.000000000000000000e+00
8.240000000000000000e+02 0.000000000000000000e+00
8.300000000000000000e+02 0.000000000000000000e+00
8.310000000000000000e+02 0.000000000000000000e+00
8.340000000000000000e+02 0.000000000000000000e+00
8.340000000000000000e+02 0.000000000000000000e+00
