1.000000000000000000e+00 2.626500000000000000e+04
7.400000000000000000e+01 1.786100000000000000e+04
8.200000000000000000e+01 1.190400000000000000e+04
9.200000000000000000e+01 7.508000000000000000e+03
1.030000000000000000e+02 4.530000000000000000e+03
1.510000000000000000e+02 2.646000000000000000e+03
2.260000000000000000e+02 1.426000000000000000e+03
3.060000000000000000e+02 7.850000000000000000e+02
4.070000000000000000e+02 3.910000000000000000e+02
4.970000000000000000e+02 1.830000000000000000e+02
5.870000000000000000e+02 8.100000000000000000e+01
6.440000000000000000e+02 4.200000000000000000e+01
6.930000000000000000e+02 1.200000000000000000e+01
7.280000000000000000e+02 4.000000000000000000e+00
7.650000000000000000e+02 1.000000000000000000e+00
7.900000000000000000e+02 1.000000000000000000e+00
8.090000000000000000e+02 0.000000000000000000e+00
8.180000000000000000e+02 0.000000000000000000e+00
8.290000000000000000e+02 0.000000000000000000e+00
