1.000000000000000000e+00 8.011000000000000000e+03
1.100000000000000000e+01 4.790000000000000000e+03
1.110000000000000000e+02 2.849000000000000000e+03
2.610000000000000000e+02 1.721000000000000000e+03
3.590000000000000000e+02 1.012000000000000000e+03
4.610000000000000000e+02 5.830000000000000000e+02
5.500000000000000000e+02 3.470000000000000000e+02
6.170000000000000000e+02 1.880000000000000000e+02
6.720000000000000000e+02 1.160000000000000000e+02
7.000000000000000000e+02 5.600000000000000000e+01
7.350000000000000000e+02 1.900000000000000000e+01
7.630000000000000000e+02 6.000000000000000000e+00
7.830000000000000000e+02 2.000000000000000000e+00
7.940000000000000000e+02 0.000000000000000000e+00
8.010000000000000000e+02 0.000000000000000000e+00
8.040000000000000000e+02 0.000000000000000000e+00
8.060000000000000000e+02 0.000000000000000000e+00
8.090000000000000000e+02 0.000000000000000000e+00
8.100000000000000000e+02 0.000000000000000000e+00
