1.000000000000000000e+00 8.040000000000000000e+03
4.000000000000000000e+00 4.854000000000000000e+03
7.200000000000000000e+01 2.756000000000000000e+03
2.150000000000000000e+02 1.597000000000000000e+03
3.770000000000000000e+02 9.450000000000000000e+02
4.830000000000000000e+02 5.680000000000000000e+02
5.750000000000000000e+02 3.280000000000000000e+02
6.220000000000000000e+02 2.010000000000000000e+02
6.600000000000000000e+02 1.060000000000000000e+02
7.090000000000000000e+02 5.100000000000000000e+01
7.490000000000000000e+02 2.100000000000000000e+01
7.660000000000000000e+02 7.000000000000000000e+00
7.800000000000000000e+02 4.000000000000000000e+00
7.950000000000000000e+02 1.000000000000000000e+00
8.000000000000000000e+02 0.000000000000000000e+00
8.020000000000000000e+02 0.000000000000000000e+00
8.030000000000000000e+02 0.000000000000000000e+00
8.070000000000000000e+02 0.000000000000000000e+00
8.100000000000000000e+02 0.000000000000000000e+00
