1.000000000000000000e+00 1.708800000000000000e+04
1.000000000000000000e+00 1.034400000000000000e+04
4.000000000000000000e+00 6.322000000000000000e+03
4.600000000000000000e+01 3.831000000000000000e+03
1.470000000000000000e+02 2.316000000000000000e+03
2.930000000000000000e+02 1.451000000000000000e+03
4.010000000000000000e+02 8.910000000000000000e+02
5.000000000000000000e+02 5.360000000000000000e+02
5.690000000000000000e+02 3.110000000000000000e+02
6.180000000000000000e+02 1.710000000000000000e+02
6.660000000000000000e+02 7.400000000000000000e+01
7.100000000000000000e+02 2.800000000000000000e+01
7.470000000000000000e+02 1.100000000000000000e+01
7.730000000000000000e+02 3.000000000000000000e+00
7.980000000000000000e+02 2.000000000000000000e+00
8.060000000000000000e+02 1.000000000000000000e+00
8.140000000000000000e+02 1.000000000000000000e+00
8.140000000000000000e+02 1.000000000000000000e+00
8.180000000000000000e+02 1.000000000000000000e+00
