4.500000000000000000e+01 8.455000000000000000e+03
7.500000000000000000e+01 6.288000000000000000e+03
9.500000000000000000e+01 4.738000000000000000e+03
1.450000000000000000e+02 3.630000000000000000e+03
2.110000000000000000e+02 2.779000000000000000e+03
2.660000000000000000e+02 2.151000000000000000e+03
3.080000000000000000e+02 1.685000000000000000e+03
3.660000000000000000e+02 1.344000000000000000e+03
4.170000000000000000e+02 1.070000000000000000e+03
4.540000000000000000e+02 8.500000000000000000e+02
4.990000000000000000e+02 6.730000000000000000e+02
5.390000000000000000e+02 5.510000000000000000e+02
5.610000000000000000e+02 4.340000000000000000e+02
5.870000000000000000e+02 3.420000000000000000e+02
6.010000000000000000e+02 2.800000000000000000e+02
6.190000000000000000e+02 2.190000000000000000e+02
6.430000000000000000e+02 1.690000000000000000e+02
6.650000000000000000e+02 1.260000000000000000e+02
6.750000000000000000e+02 9.100000000000000000e+01
