1.000000000000000000e+00 3.809000000000000000e+03
6.200000000000000000e+01 2.270000000000000000e+03
1.540000000000000000e+02 1.280000000000000000e+03
2.680000000000000000e+02 6.420000000000000000e+02
4.150000000000000000e+02 3.260000000000000000e+02
5.610000000000000000e+02 1.740000000000000000e+02
6.510000000000000000e+02 9.900000000000000000e+01
7.170000000000000000e+02 6.700000000000000000e+01
7.390000000000000000e+02 4.500000000000000000e+01
7.630000000000000000e+02 2.300000000000000000e+01
7.770000000000000000e+02 1.700000000000000000e+01
7.820000000000000000e+02 8.000000000000000000e+00
7.860000000000000000e+02 3.000000000000000000e+00
7.880000000000000000e+02 1.000000000000000000e+00
7.910000000000000000e+02 0.000000000000000000e+00
7.930000000000000000e+02 0.000000000000000000e+00
7.980000000000000000e+02 0.000000000000000000e+00
7.980000000000000000e+02 0.000000000000000000e+00
8.010000000000000000e+02 0.000000000000000000e+00
