1.000000000000000000e+00 8.271000000000000000e+03
3.200000000000000000e+01 5.110000000000000000e+03
1.180000000000000000e+02 2.910000000000000000e+03
2.080000000000000000e+02 1.579000000000000000e+03
3.480000000000000000e+02 8.480000000000000000e+02
4.750000000000000000e+02 4.810000000000000000e+02
5.700000000000000000e+02 2.780000000000000000e+02
6.540000000000000000e+02 1.610000000000000000e+02
6.990000000000000000e+02 9.600000000000000000e+01
7.250000000000000000e+02 5.800000000000000000e+01
7.510000000000000000e+02 3.200000000000000000e+01
7.650000000000000000e+02 2.100000000000000000e+01
7.720000000000000000e+02 1.000000000000000000e+01
7.810000000000000000e+02 1.000000000000000000e+00
7.900000000000000000e+02 1.000000000000000000e+00
7.980000000000000000e+02 0.000000000000000000e+00
8.030000000000000000e+02 0.000000000000000000e+00
8.060000000000000000e+02 0.000000000000000000e+00
8.080000000000000000e+02 0.000000000000000000e+00
