1.000000000000000000e+00 1.301600000000000000e+04
2.000000000000000000e+00 4.924000000000000000e+03
1.780000000000000000e+02 1.722000000000000000e+03
4.860000000000000000e+02 6.910000000000000000e+02
6.390000000000000000e+02 3.600000000000000000e+02
7.170000000000000000e+02 2.420000000000000000e+02
7.560000000000000000e+02 1.530000000000000000e+02
7.690000000000000000e+02 9.200000000000000000e+01
7.770000000000000000e+02 4.400000000000000000e+01
7.850000000000000000e+02 2.200000000000000000e+01
7.900000000000000000e+02 9.000000000000000000e+00
7.970000000000000000e+02 1.000000000000000000e+00
8.070000000000000000e+02 0.000000000000000000e+00
8.130000000000000000e+02 0.000000000000000000e+00
8.170000000000000000e+02 0.000000000000000000e+00
8.220000000000000000e+02 0.000000000000000000e+00
8.260000000000000000e+02 0.000000000000000000e+00
8.260000000000000000e+02 0.000000000000000000e+00
8.260000000000000000e+02 0.000000000000000000e+00
