1.000000000000000000e+00 1.412800000000000000e+04
2.000000000000000000e+00 6.393000000000000000e+03
8.900000000000000000e+01 2.831000000000000000e+03
3.180000000000000000e+02 1.290000000000000000e+03
4.990000000000000000e+02 6.250000000000000000e+02
6.060000000000000000e+02 3.410000000000000000e+02
6.920000000000000000e+02 1.790000000000000000e+02
7.350000000000000000e+02 8.600000000000000000e+01
7.650000000000000000e+02 4.700000000000000000e+01
7.790000000000000000e+02 2.000000000000000000e+01
7.890000000000000000e+02 6.000000000000000000e+00
8.040000000000000000e+02 3.000000000000000000e+00
8.100000000000000000e+02 2.000000000000000000e+00
8.130000000000000000e+02 1.000000000000000000e+00
8.170000000000000000e+02 0.000000000000000000e+00
8.190000000000000000e+02 0.000000000000000000e+00
8.220000000000000000e+02 0.000000000000000000e+00
8.240000000000000000e+02 0.000000000000000000e+00
8.250000000000000000e+02 0.000000000000000000e+00
