1.000000000000000000e+00 1.310900000000000000e+04
1.000000000000000000e+00 8.534000000000000000e+03
8.000000000000000000e+00 5.071000000000000000e+03
5.000000000000000000e+01 3.029000000000000000e+03
1.690000000000000000e+02 1.778000000000000000e+03
3.180000000000000000e+02 1.068000000000000000e+03
4.640000000000000000e+02 6.580000000000000000e+02
5.640000000000000000e+02 3.770000000000000000e+02
6.350000000000000000e+02 1.950000000000000000e+02
6.790000000000000000e+02 9.000000000000000000e+01
7.200000000000000000e+02 4.800000000000000000e+01
7.480000000000000000e+02 1.600000000000000000e+01
7.710000000000000000e+02 5.000000000000000000e+00
7.910000000000000000e+02 1.000000000000000000e+00
8.000000000000000000e+02 0.000000000000000000e+00
8.070000000000000000e+02 0.000000000000000000e+00
8.100000000000000000e+02 0.000000000000000000e+00
8.130000000000000000e+02 0.000000000000000000e+00
8.150000000000000000e+02 0.000000000000000000e+00
