1.000000000000000000e+00 1.300700000000000000e+04
1.850000000000000000e+02 1.598000000000000000e+03
7.600000000000000000e+02 7.710000000000000000e+02
7.670000000000000000e+02 6.640000000000000000e+02
7.670000000000000000e+02 5.610000000000000000e+02
7.670000000000000000e+02 4.610000000000000000e+02
7.670000000000000000e+02 3.450000000000000000e+02
7.670000000000000000e+02 2.660000000000000000e+02
7.670000000000000000e+02 1.770000000000000000e+02
7.700000000000000000e+02 1.230000000000000000e+02
7.760000000000000000e+02 8.700000000000000000e+01
7.780000000000000000e+02 5.100000000000000000e+01
7.850000000000000000e+02 3.200000000000000000e+01
7.950000000000000000e+02 1.900000000000000000e+01
8.030000000000000000e+02 5.000000000000000000e+00
8.160000000000000000e+02 0.000000000000000000e+00
8.270000000000000000e+02 0.000000000000000000e+00
8.310000000000000000e+02 0.000000000000000000e+00
8.340000000000000000e+02 0.000000000000000000e+00
