1.000000000000000000e+00 8.311000000000000000e+03
7.400000000000000000e+01 5.261000000000000000e+03
8.600000000000000000e+01 3.375000000000000000e+03
1.500000000000000000e+02 2.011000000000000000e+03
2.650000000000000000e+02 1.156000000000000000e+03
3.650000000000000000e+02 6.590000000000000000e+02
4.830000000000000000e+02 3.940000000000000000e+02
5.590000000000000000e+02 1.950000000000000000e+02
6.370000000000000000e+02 1.040000000000000000e+02
6.900000000000000000e+02 5.500000000000000000e+01
7.270000000000000000e+02 2.700000000000000000e+01
7.510000000000000000e+02 1.100000000000000000e+01
7.720000000000000000e+02 4.000000000000000000e+00
7.820000000000000000e+02 0.000000000000000000e+00
7.910000000000000000e+02 0.000000000000000000e+00
8.000000000000000000e+02 0.000000000000000000e+00
8.050000000000000000e+02 0.000000000000000000e+00
8.060000000000000000e+02 0.000000000000000000e+00
8.070000000000000000e+02 0.000000000000000000e+00
