1.000000000000000000e+00 1.806700000000000000e+04
1.100000000000000000e+01 1.223600000000000000e+04
7.600000000000000000e+01 8.017000000000000000e+03
9.600000000000000000e+01 4.959000000000000000e+03
1.330000000000000000e+02 2.892000000000000000e+03
2.070000000000000000e+02 1.600000000000000000e+03
2.920000000000000000e+02 8.350000000000000000e+02
4.060000000000000000e+02 4.100000000000000000e+02
4.910000000000000000e+02 2.050000000000000000e+02
5.840000000000000000e+02 8.700000000000000000e+01
6.420000000000000000e+02 2.000000000000000000e+01
7.060000000000000000e+02 1.000000000000000000e+00
7.490000000000000000e+02 0.000000000000000000e+00
7.790000000000000000e+02 0.000000000000000000e+00
7.990000000000000000e+02 0.000000000000000000e+00
8.080000000000000000e+02 0.000000000000000000e+00
8.190000000000000000e+02 0.000000000000000000e+00
8.220000000000000000e+02 0.000000000000000000e+00
8.240000000000000000e+02 0.000000000000000000e+00
