1.000000000000000000e+00 3.356700000000000000e+04
7.500000000000000000e+01 2.166600000000000000e+04
8.500000000000000000e+01 1.354100000000000000e+04
1.040000000000000000e+02 8.078000000000000000e+03
1.300000000000000000e+02 4.608000000000000000e+03
1.910000000000000000e+02 2.561000000000000000e+03
2.840000000000000000e+02 1.377000000000000000e+03
3.930000000000000000e+02 7.100000000000000000e+02
4.910000000000000000e+02 3.670000000000000000e+02
5.660000000000000000e+02 1.880000000000000000e+02
6.450000000000000000e+02 8.400000000000000000e+01
7.000000000000000000e+02 3.300000000000000000e+01
7.470000000000000000e+02 1.500000000000000000e+01
7.840000000000000000e+02 6.000000000000000000e+00
8.050000000000000000e+02 1.000000000000000000e+00
8.140000000000000000e+02 0.000000000000000000e+00
8.260000000000000000e+02 0.000000000000000000e+00
8.350000000000000000e+02 0.000000000000000000e+00
8.400000000000000000e+02 0.000000000000000000e+00
