1.000000000000000000e+00 5.884000000000000000e+03
9.900000000000000000e+01 1.906000000000000000e+03
4.860000000000000000e+02 8.020000000000000000e+02
6.850000000000000000e+02 5.760000000000000000e+02
7.160000000000000000e+02 4.330000000000000000e+02
7.220000000000000000e+02 3.380000000000000000e+02
7.230000000000000000e+02 2.490000000000000000e+02
7.280000000000000000e+02 1.790000000000000000e+02
7.340000000000000000e+02 1.230000000000000000e+02
7.390000000000000000e+02 8.800000000000000000e+01
7.520000000000000000e+02 5.500000000000000000e+01
7.560000000000000000e+02 2.900000000000000000e+01
7.640000000000000000e+02 1.600000000000000000e+01
7.750000000000000000e+02 8.000000000000000000e+00
7.820000000000000000e+02 4.000000000000000000e+00
7.890000000000000000e+02 1.000000000000000000e+00
7.970000000000000000e+02 0.000000000000000000e+00
8.020000000000000000e+02 0.000000000000000000e+00
8.090000000000000000e+02 0.000000000000000000e+00
