1.000000000000000000e+00 3.749000000000000000e+03
9.000000000000000000e+00 2.223000000000000000e+03
6.600000000000000000e+01 1.370000000000000000e+03
1.760000000000000000e+02 8.190000000000000000e+02
3.130000000000000000e+02 5.240000000000000000e+02
4.380000000000000000e+02 3.470000000000000000e+02
5.270000000000000000e+02 2.220000000000000000e+02
5.930000000000000000e+02 1.350000000000000000e+02
6.390000000000000000e+02 7.800000000000000000e+01
6.760000000000000000e+02 5.600000000000000000e+01
7.050000000000000000e+02 3.500000000000000000e+01
7.190000000000000000e+02 2.600000000000000000e+01
7.420000000000000000e+02 1.900000000000000000e+01
7.580000000000000000e+02 1.500000000000000000e+01
7.690000000000000000e+02 9.000000000000000000e+00
7.770000000000000000e+02 6.000000000000000000e+00
7.850000000000000000e+02 5.000000000000000000e+00
7.890000000000000000e+02 0.000000000000000000e+00
7.910000000000000000e+02 0.000000000000000000e+00
