1.000000000000000000e+00 1.967000000000000000e+04
2.000000000000000000e+00 1.068100000000000000e+04
6.600000000000000000e+01 5.463000000000000000e+03
2.120000000000000000e+02 2.879000000000000000e+03
3.530000000000000000e+02 1.480000000000000000e+03
4.860000000000000000e+02 7.660000000000000000e+02
5.880000000000000000e+02 3.700000000000000000e+02
6.630000000000000000e+02 1.790000000000000000e+02
7.040000000000000000e+02 6.800000000000000000e+01
7.490000000000000000e+02 2.500000000000000000e+01
7.870000000000000000e+02 6.000000000000000000e+00
8.080000000000000000e+02 0.000000000000000000e+00
8.190000000000000000e+02 0.000000000000000000e+00
8.240000000000000000e+02 0.000000000000000000e+00
8.310000000000000000e+02 0.000000000000000000e+00
8.340000000000000000e+02 0.000000000000000000e+00
8.340000000000000000e+02 0.000000000000000000e+00
8.340000000000000000e+02 0.000000000000000000e+00
8.340000000000000000e+02 0.000000000000000000e+00
