4.800000000000000000e+01 2.600400000000000000e+04
7.600000000000000000e+01 1.863400000000000000e+04
8.300000000000000000e+01 1.328700000000000000e+04
9.300000000000000000e+01 9.227000000000000000e+03
1.240000000000000000e+02 6.394000000000000000e+03
1.930000000000000000e+02 4.419000000000000000e+03
2.480000000000000000e+02 3.032000000000000000e+03
3.070000000000000000e+02 2.036000000000000000e+03
3.680000000000000000e+02 1.341000000000000000e+03
4.210000000000000000e+02 8.590000000000000000e+02
4.720000000000000000e+02 5.160000000000000000e+02
5.230000000000000000e+02 2.880000000000000000e+02
5.650000000000000000e+02 1.550000000000000000e+02
6.060000000000000000e+02 7.400000000000000000e+01
6.450000000000000000e+02 1.900000000000000000e+01
6.940000000000000000e+02 3.000000000000000000e+00
7.320000000000000000e+02 2.000000000000000000e+00
7.620000000000000000e+02 0.000000000000000000e+00
7.850000000000000000e+02 0.000000000000000000e+00
