1.000000000000000000e+00 8.039000000000000000e+03
5.000000000000000000e+00 4.835000000000000000e+03
7.200000000000000000e+01 2.768000000000000000e+03
2.220000000000000000e+02 1.615000000000000000e+03
3.730000000000000000e+02 9.460000000000000000e+02
4.830000000000000000e+02 5.630000000000000000e+02
5.740000000000000000e+02 3.290000000000000000e+02
6.220000000000000000e+02 1.930000000000000000e+02
6.660000000000000000e+02 1.060000000000000000e+02
7.090000000000000000e+02 5.100000000000000000e+01
7.490000000000000000e+02 2.000000000000000000e+01
7.660000000000000000e+02 8.000000000000000000e+00
7.790000000000000000e+02 3.000000000000000000e+00
7.960000000000000000e+02 1.000000000000000000e+00
8.000000000000000000e+02 0.000000000000000000e+00
8.020000000000000000e+02 0.000000000000000000e+00
8.040000000000000000e+02 0.000000000000000000e+00
8.070000000000000000e+02 0.000000000000000000e+00
8.100000000000000000e+02 0.000000000000000000e+00
