6.000000000000000000e+01 7.642000000000000000e+03
7.500000000000000000e+01 4.963000000000000000e+03
1.080000000000000000e+02 3.153000000000000000e+03
2.140000000000000000e+02 2.040000000000000000e+03
3.310000000000000000e+02 1.301000000000000000e+03
4.040000000000000000e+02 8.380000000000000000e+02
4.910000000000000000e+02 5.300000000000000000e+02
5.420000000000000000e+02 3.340000000000000000e+02
6.020000000000000000e+02 2.420000000000000000e+02
6.580000000000000000e+02 1.640000000000000000e+02
6.950000000000000000e+02 1.160000000000000000e+02
7.190000000000000000e+02 9.200000000000000000e+01
7.350000000000000000e+02 6.500000000000000000e+01
7.490000000000000000e+02 4.900000000000000000e+01
7.550000000000000000e+02 3.500000000000000000e+01
7.640000000000000000e+02 2.200000000000000000e+01
7.680000000000000000e+02 1.700000000000000000e+01
7.730000000000000000e+02 1.100000000000000000e+01
7.760000000000000000e+02 5.000000000000000000e+00
