1.000000000000000000e+00 8.066000000000000000e+03
4.000000000000000000e+00 4.867000000000000000e+03
6.400000000000000000e+01 2.714000000000000000e+03
2.210000000000000000e+02 1.533000000000000000e+03
3.820000000000000000e+02 9.050000000000000000e+02
4.840000000000000000e+02 5.420000000000000000e+02
5.770000000000000000e+02 3.210000000000000000e+02
6.290000000000000000e+02 1.980000000000000000e+02
6.650000000000000000e+02 9.900000000000000000e+01
7.140000000000000000e+02 4.400000000000000000e+01
7.480000000000000000e+02 1.800000000000000000e+01
7.680000000000000000e+02 7.000000000000000000e+00
7.810000000000000000e+02 3.000000000000000000e+00
7.940000000000000000e+02 0.000000000000000000e+00
8.010000000000000000e+02 0.000000000000000000e+00
8.020000000000000000e+02 0.000000000000000000e+00
8.030000000000000000e+02 0.000000000000000000e+00
8.080000000000000000e+02 0.000000000000000000e+00
8.100000000000000000e+02 0.000000000000000000e+00
