1.000000000000000000e+00 3.462300000000000000e+04
7.500000000000000000e+01 2.378800000000000000e+04
8.600000000000000000e+01 1.620800000000000000e+04
1.010000000000000000e+02 1.076200000000000000e+04
1.150000000000000000e+02 6.888000000000000000e+03
1.400000000000000000e+02 4.253000000000000000e+03
1.970000000000000000e+02 2.613000000000000000e+03
2.750000000000000000e+02 1.576000000000000000e+03
3.690000000000000000e+02 9.580000000000000000e+02
4.500000000000000000e+02 5.990000000000000000e+02
5.200000000000000000e+02 3.490000000000000000e+02
5.840000000000000000e+02 1.840000000000000000e+02
6.350000000000000000e+02 1.060000000000000000e+02
6.870000000000000000e+02 5.800000000000000000e+01
7.280000000000000000e+02 2.400000000000000000e+01
7.550000000000000000e+02 9.000000000000000000e+00
7.860000000000000000e+02 2.000000000000000000e+00
8.050000000000000000e+02 0.000000000000000000e+00
8.190000000000000000e+02 0.000000000000000000e+00
