1.000000000000000000e+00 6.095000000000000000e+03
7.200000000000000000e+01 3.912000000000000000e+03
9.700000000000000000e+01 2.440000000000000000e+03
1.620000000000000000e+02 1.392000000000000000e+03
2.810000000000000000e+02 7.620000000000000000e+02
4.030000000000000000e+02 3.880000000000000000e+02
5.160000000000000000e+02 2.240000000000000000e+02
6.010000000000000000e+02 1.360000000000000000e+02
6.650000000000000000e+02 7.700000000000000000e+01
7.090000000000000000e+02 5.100000000000000000e+01
7.420000000000000000e+02 3.200000000000000000e+01
7.620000000000000000e+02 2.000000000000000000e+01
7.700000000000000000e+02 1.300000000000000000e+01
7.760000000000000000e+02 4.000000000000000000e+00
7.840000000000000000e+02 0.000000000000000000e+00
7.930000000000000000e+02 0.000000000000000000e+00
7.960000000000000000e+02 0.000000000000000000e+00
7.980000000000000000e+02 0.000000000000000000e+00
8.020000000000000000e+02 0.000000000000000000e+00
