1.000000000000000000e+00 1.975900000000000000e+04
1.000000000000000000e+00 1.075600000000000000e+04
3.800000000000000000e+01 5.596000000000000000e+03
1.820000000000000000e+02 2.868000000000000000e+03
3.320000000000000000e+02 1.540000000000000000e+03
4.600000000000000000e+02 8.240000000000000000e+02
5.620000000000000000e+02 4.070000000000000000e+02
6.430000000000000000e+02 1.960000000000000000e+02
6.940000000000000000e+02 8.500000000000000000e+01
7.450000000000000000e+02 3.500000000000000000e+01
7.790000000000000000e+02 1.700000000000000000e+01
7.990000000000000000e+02 6.000000000000000000e+00
8.110000000000000000e+02 1.000000000000000000e+00
8.190000000000000000e+02 0.000000000000000000e+00
8.230000000000000000e+02 0.000000000000000000e+00
8.250000000000000000e+02 0.000000000000000000e+00
8.260000000000000000e+02 0.000000000000000000e+00
8.290000000000000000e+02 0.000000000000000000e+00
8.340000000000000000e+02 0.000000000000000000e+00
