1.000000000000000000e+00 1.978100000000000000e+04
1.000000000000000000e+00 1.078200000000000000e+04
3.600000000000000000e+01 5.637000000000000000e+03
1.800000000000000000e+02 2.927000000000000000e+03
3.250000000000000000e+02 1.567000000000000000e+03
4.570000000000000000e+02 8.340000000000000000e+02
5.580000000000000000e+02 4.020000000000000000e+02
6.320000000000000000e+02 1.990000000000000000e+02
6.920000000000000000e+02 7.900000000000000000e+01
7.430000000000000000e+02 2.900000000000000000e+01
7.800000000000000000e+02 1.500000000000000000e+01
8.000000000000000000e+02 6.000000000000000000e+00
8.120000000000000000e+02 0.000000000000000000e+00
8.210000000000000000e+02 0.000000000000000000e+00
8.250000000000000000e+02 0.000000000000000000e+00
8.260000000000000000e+02 0.000000000000000000e+00
8.290000000000000000e+02 0.000000000000000000e+00
8.320000000000000000e+02 0.000000000000000000e+00
8.340000000000000000e+02 0.000000000000000000e+00
