1.000000000000000000e+00 5.720000000000000000e+03
1.190000000000000000e+02 1.723000000000000000e+03
5.520000000000000000e+02 7.410000000000000000e+02
7.090000000000000000e+02 5.780000000000000000e+02
7.220000000000000000e+02 4.480000000000000000e+02
7.220000000000000000e+02 3.400000000000000000e+02
7.240000000000000000e+02 2.520000000000000000e+02
7.260000000000000000e+02 1.830000000000000000e+02
7.340000000000000000e+02 1.290000000000000000e+02
7.400000000000000000e+02 8.900000000000000000e+01
7.480000000000000000e+02 5.800000000000000000e+01
7.550000000000000000e+02 3.300000000000000000e+01
7.650000000000000000e+02 1.600000000000000000e+01
7.770000000000000000e+02 9.000000000000000000e+00
7.830000000000000000e+02 2.000000000000000000e+00
7.900000000000000000e+02 1.000000000000000000e+00
7.980000000000000000e+02 0.000000000000000000e+00
8.030000000000000000e+02 0.000000000000000000e+00
8.080000000000000000e+02 0.000000000000000000e+00
