1.000000000000000000e+00 8.165000000000000000e+03
2.700000000000000000e+01 5.093000000000000000e+03
1.260000000000000000e+02 2.904000000000000000e+03
2.310000000000000000e+02 1.669000000000000000e+03
3.450000000000000000e+02 9.650000000000000000e+02
4.660000000000000000e+02 5.560000000000000000e+02
5.460000000000000000e+02 3.200000000000000000e+02
6.290000000000000000e+02 1.750000000000000000e+02
6.790000000000000000e+02 9.600000000000000000e+01
7.150000000000000000e+02 6.200000000000000000e+01
7.440000000000000000e+02 3.500000000000000000e+01
7.570000000000000000e+02 1.700000000000000000e+01
7.670000000000000000e+02 7.000000000000000000e+00
7.800000000000000000e+02 1.000000000000000000e+00
7.880000000000000000e+02 0.000000000000000000e+00
7.970000000000000000e+02 0.000000000000000000e+00
8.030000000000000000e+02 0.000000000000000000e+00
8.070000000000000000e+02 0.000000000000000000e+00
8.080000000000000000e+02 0.000000000000000000e+00
