1.000000000000000000e+00 2.099400000000000000e+04
1.000000000000000000e+00 1.293800000000000000e+04
4.000000000000000000e+00 7.941000000000000000e+03
5.600000000000000000e+01 4.772000000000000000e+03
1.850000000000000000e+02 2.892000000000000000e+03
3.110000000000000000e+02 1.874000000000000000e+03
4.040000000000000000e+02 1.173000000000000000e+03
4.910000000000000000e+02 7.030000000000000000e+02
5.410000000000000000e+02 3.840000000000000000e+02
6.050000000000000000e+02 2.040000000000000000e+02
6.570000000000000000e+02 1.090000000000000000e+02
6.940000000000000000e+02 4.400000000000000000e+01
7.290000000000000000e+02 1.600000000000000000e+01
7.600000000000000000e+02 6.000000000000000000e+00
7.870000000000000000e+02 4.000000000000000000e+00
8.060000000000000000e+02 2.000000000000000000e+00
8.170000000000000000e+02 0.000000000000000000e+00
8.230000000000000000e+02 0.000000000000000000e+00
8.270000000000000000e+02 0.000000000000000000e+00
