1.000000000000000000e+00 1.317600000000000000e+04
7.000000000000000000e+01 8.617000000000000000e+03
7.700000000000000000e+01 5.545000000000000000e+03
1.050000000000000000e+02 3.294000000000000000e+03
1.810000000000000000e+02 1.896000000000000000e+03
2.790000000000000000e+02 1.028000000000000000e+03
3.940000000000000000e+02 5.230000000000000000e+02
5.010000000000000000e+02 2.730000000000000000e+02
5.830000000000000000e+02 1.290000000000000000e+02
6.490000000000000000e+02 6.300000000000000000e+01
7.090000000000000000e+02 3.800000000000000000e+01
7.400000000000000000e+02 1.900000000000000000e+01
7.560000000000000000e+02 1.000000000000000000e+01
7.670000000000000000e+02 4.000000000000000000e+00
7.760000000000000000e+02 0.000000000000000000e+00
7.940000000000000000e+02 0.000000000000000000e+00
8.000000000000000000e+02 0.000000000000000000e+00
8.050000000000000000e+02 0.000000000000000000e+00
8.090000000000000000e+02 0.000000000000000000e+00
