2.600000000000000000e+01 6.696000000000000000e+03
6.900000000000000000e+01 5.271000000000000000e+03
7.400000000000000000e+01 4.158000000000000000e+03
7.800000000000000000e+01 3.163000000000000000e+03
9.600000000000000000e+01 2.341000000000000000e+03
1.510000000000000000e+02 1.693000000000000000e+03
2.050000000000000000e+02 1.212000000000000000e+03
2.840000000000000000e+02 8.590000000000000000e+02
3.570000000000000000e+02 6.140000000000000000e+02
4.230000000000000000e+02 4.220000000000000000e+02
4.780000000000000000e+02 2.860000000000000000e+02
5.340000000000000000e+02 2.010000000000000000e+02
5.680000000000000000e+02 1.400000000000000000e+02
6.040000000000000000e+02 9.100000000000000000e+01
6.420000000000000000e+02 5.500000000000000000e+01
6.740000000000000000e+02 3.500000000000000000e+01
7.000000000000000000e+02 2.200000000000000000e+01
7.180000000000000000e+02 1.300000000000000000e+01
7.370000000000000000e+02 8.000000000000000000e+00
