1.000000000000000000e+00 3.346700000000000000e+04
2.600000000000000000e+01 1.986600000000000000e+04
8.800000000000000000e+01 1.120100000000000000e+04
1.200000000000000000e+02 5.902000000000000000e+03
2.010000000000000000e+02 2.853000000000000000e+03
3.050000000000000000e+02 1.289000000000000000e+03
4.320000000000000000e+02 5.480000000000000000e+02
5.490000000000000000e+02 2.450000000000000000e+02
6.470000000000000000e+02 9.300000000000000000e+01
7.200000000000000000e+02 4.600000000000000000e+01
7.630000000000000000e+02 2.100000000000000000e+01
7.950000000000000000e+02 7.000000000000000000e+00
8.270000000000000000e+02 1.000000000000000000e+00
8.370000000000000000e+02 0.000000000000000000e+00
8.460000000000000000e+02 0.000000000000000000e+00
8.520000000000000000e+02 0.000000000000000000e+00
8.530000000000000000e+02 0.000000000000000000e+00
8.560000000000000000e+02 0.000000000000000000e+00
8.580000000000000000e+02 0.000000000000000000e+00
