1.000000000000000000e+00 3.699000000000000000e+03
1.500000000000000000e+01 2.139000000000000000e+03
8.000000000000000000e+01 1.263000000000000000e+03
2.050000000000000000e+02 7.130000000000000000e+02
3.450000000000000000e+02 4.210000000000000000e+02
4.730000000000000000e+02 2.610000000000000000e+02
5.500000000000000000e+02 1.360000000000000000e+02
6.270000000000000000e+02 8.500000000000000000e+01
6.740000000000000000e+02 5.100000000000000000e+01
7.000000000000000000e+02 3.400000000000000000e+01
7.260000000000000000e+02 2.100000000000000000e+01
7.470000000000000000e+02 1.500000000000000000e+01
7.650000000000000000e+02 1.300000000000000000e+01
7.730000000000000000e+02 6.000000000000000000e+00
7.830000000000000000e+02 4.000000000000000000e+00
7.870000000000000000e+02 0.000000000000000000e+00
7.920000000000000000e+02 0.000000000000000000e+00
7.950000000000000000e+02 0.000000000000000000e+00
7.990000000000000000e+02 0.000000000000000000e+00
