1.000000000000000000e+00 1.995700000000000000e+04
6.000000000000000000e+00 1.143500000000000000e+04
1.810000000000000000e+02 7.084000000000000000e+03
3.150000000000000000e+02 4.406000000000000000e+03
3.530000000000000000e+02 2.498000000000000000e+03
4.110000000000000000e+02 1.415000000000000000e+03
4.990000000000000000e+02 7.440000000000000000e+02
5.790000000000000000e+02 4.080000000000000000e+02
6.470000000000000000e+02 2.090000000000000000e+02
6.980000000000000000e+02 1.030000000000000000e+02
7.440000000000000000e+02 3.900000000000000000e+01
7.850000000000000000e+02 1.700000000000000000e+01
7.990000000000000000e+02 7.000000000000000000e+00
8.130000000000000000e+02 0.000000000000000000e+00
8.230000000000000000e+02 0.000000000000000000e+00
8.270000000000000000e+02 0.000000000000000000e+00
8.300000000000000000e+02 0.000000000000000000e+00
8.320000000000000000e+02 0.000000000000000000e+00
8.330000000000000000e+02 0.000000000000000000e+00
