2.000000000000000000e+00 3.706000000000000000e+03
4.600000000000000000e+01 2.224000000000000000e+03
1.520000000000000000e+02 1.344000000000000000e+03
2.830000000000000000e+02 8.380000000000000000e+02
3.730000000000000000e+02 5.120000000000000000e+02
4.470000000000000000e+02 3.020000000000000000e+02
5.250000000000000000e+02 1.630000000000000000e+02
6.050000000000000000e+02 9.400000000000000000e+01
6.640000000000000000e+02 4.800000000000000000e+01
7.050000000000000000e+02 2.300000000000000000e+01
7.420000000000000000e+02 1.700000000000000000e+01
7.690000000000000000e+02 1.100000000000000000e+01
7.770000000000000000e+02 3.000000000000000000e+00
7.860000000000000000e+02 1.000000000000000000e+00
7.910000000000000000e+02 1.000000000000000000e+00
7.930000000000000000e+02 0.000000000000000000e+00
7.960000000000000000e+02 0.000000000000000000e+00
7.990000000000000000e+02 0.000000000000000000e+00
8.010000000000000000e+02 0.000000000000000000e+00
