7.800000000000000000e+01 1.304000000000000000e+03
1.750000000000000000e+02 7.190000000000000000e+02
3.530000000000000000e+02 3.880000000000000000e+02
4.830000000000000000e+02 2.320000000000000000e+02
5.660000000000000000e+02 1.440000000000000000e+02
6.180000000000000000e+02 8.300000000000000000e+01
6.670000000000000000e+02 5.000000000000000000e+01
6.970000000000000000e+02 3.700000000000000000e+01
7.110000000000000000e+02 2.700000000000000000e+01
7.330000000000000000e+02 1.400000000000000000e+01
7.530000000000000000e+02 1.000000000000000000e+01
7.630000000000000000e+02 7.000000000000000000e+00
7.700000000000000000e+02 4.000000000000000000e+00
7.750000000000000000e+02 3.000000000000000000e+00
7.810000000000000000e+02 3.000000000000000000e+00
7.850000000000000000e+02 1.000000000000000000e+00
7.890000000000000000e+02 0.000000000000000000e+00
7.900000000000000000e+02 0.000000000000000000e+00
7.920000000000000000e+02 0.000000000000000000e+00
