1.000000000000000000e+00 1.599600000000000000e+04
2.900000000000000000e+01 9.041000000000000000e+03
1.050000000000000000e+02 4.511000000000000000e+03
2.190000000000000000e+02 2.200000000000000000e+03
3.820000000000000000e+02 1.137000000000000000e+03
4.910000000000000000e+02 5.500000000000000000e+02
5.920000000000000000e+02 2.830000000000000000e+02
6.490000000000000000e+02 1.380000000000000000e+02
6.990000000000000000e+02 5.500000000000000000e+01
7.360000000000000000e+02 2.200000000000000000e+01
7.630000000000000000e+02 3.000000000000000000e+00
7.850000000000000000e+02 2.000000000000000000e+00
7.930000000000000000e+02 1.000000000000000000e+00
8.010000000000000000e+02 0.000000000000000000e+00
8.100000000000000000e+02 0.000000000000000000e+00
8.190000000000000000e+02 0.000000000000000000e+00
8.190000000000000000e+02 0.000000000000000000e+00
8.230000000000000000e+02 0.000000000000000000e+00
8.250000000000000000e+02 0.000000000000000000e+00
