1.000000000000000000e+00 6.134000000000000000e+03
4.000000000000000000e+01 3.914000000000000000e+03
1.130000000000000000e+02 2.322000000000000000e+03
2.090000000000000000e+02 1.309000000000000000e+03
3.390000000000000000e+02 7.060000000000000000e+02
4.630000000000000000e+02 3.570000000000000000e+02
5.700000000000000000e+02 1.740000000000000000e+02
6.400000000000000000e+02 9.500000000000000000e+01
6.910000000000000000e+02 4.300000000000000000e+01
7.320000000000000000e+02 2.100000000000000000e+01
7.540000000000000000e+02 1.300000000000000000e+01
7.720000000000000000e+02 6.000000000000000000e+00
7.840000000000000000e+02 2.000000000000000000e+00
7.920000000000000000e+02 1.000000000000000000e+00
8.000000000000000000e+02 0.000000000000000000e+00
8.020000000000000000e+02 0.000000000000000000e+00
8.030000000000000000e+02 0.000000000000000000e+00
8.030000000000000000e+02 0.000000000000000000e+00
8.060000000000000000e+02 0.000000000000000000e+00
