1.000000000000000000e+00 2.051500000000000000e+04
1.000000000000000000e+00 1.198200000000000000e+04
5.000000000000000000e+00 7.005000000000000000e+03
9.200000000000000000e+01 4.010000000000000000e+03
2.410000000000000000e+02 2.315000000000000000e+03
3.650000000000000000e+02 1.368000000000000000e+03
4.670000000000000000e+02 8.060000000000000000e+02
5.370000000000000000e+02 4.130000000000000000e+02
5.930000000000000000e+02 1.930000000000000000e+02
6.590000000000000000e+02 8.900000000000000000e+01
7.070000000000000000e+02 3.300000000000000000e+01
7.480000000000000000e+02 1.000000000000000000e+01
7.860000000000000000e+02 4.000000000000000000e+00
8.060000000000000000e+02 3.000000000000000000e+00
8.180000000000000000e+02 0.000000000000000000e+00
8.240000000000000000e+02 0.000000000000000000e+00
8.280000000000000000e+02 0.000000000000000000e+00
8.320000000000000000e+02 0.000000000000000000e+00
8.340000000000000000e+02 0.000000000000000000e+00
