1.000000000000000000e+00 6.908300000000000000e+04
3.300000000000000000e+01 4.386000000000000000e+04
6.700000000000000000e+01 2.772700000000000000e+04
1.730000000000000000e+02 1.612000000000000000e+04
2.890000000000000000e+02 9.497000000000000000e+03
3.260000000000000000e+02 5.197000000000000000e+03
3.550000000000000000e+02 2.620000000000000000e+03
4.020000000000000000e+02 1.167000000000000000e+03
4.950000000000000000e+02 4.500000000000000000e+02
6.160000000000000000e+02 1.690000000000000000e+02
7.130000000000000000e+02 7.000000000000000000e+01
7.950000000000000000e+02 3.100000000000000000e+01
8.430000000000000000e+02 8.000000000000000000e+00
8.710000000000000000e+02 0.000000000000000000e+00
8.870000000000000000e+02 0.000000000000000000e+00
9.040000000000000000e+02 0.000000000000000000e+00
9.130000000000000000e+02 0.000000000000000000e+00
9.210000000000000000e+02 0.000000000000000000e+00
9.210000000000000000e+02 0.000000000000000000e+00
