1.000000000000000000e+00 2.858500000000000000e+04
1.000000000000000000e+00 2.045300000000000000e+04
1.000000000000000000e+00 1.350600000000000000e+04
1.000000000000000000e+00 8.634000000000000000e+03
1.600000000000000000e+01 5.361000000000000000e+03
8.100000000000000000e+01 3.217000000000000000e+03
1.870000000000000000e+02 1.897000000000000000e+03
3.270000000000000000e+02 1.099000000000000000e+03
4.290000000000000000e+02 5.980000000000000000e+02
5.370000000000000000e+02 3.240000000000000000e+02
6.200000000000000000e+02 1.600000000000000000e+02
6.870000000000000000e+02 6.700000000000000000e+01
7.210000000000000000e+02 2.400000000000000000e+01
7.580000000000000000e+02 2.000000000000000000e+00
8.000000000000000000e+02 0.000000000000000000e+00
8.250000000000000000e+02 0.000000000000000000e+00
8.330000000000000000e+02 0.000000000000000000e+00
8.400000000000000000e+02 0.000000000000000000e+00
8.420000000000000000e+02 0.000000000000000000e+00
