2.000000000000000000e+00 5.826400000000000000e+04
4.100000000000000000e+01 2.821200000000000000e+04
1.080000000000000000e+02 1.372000000000000000e+04
3.670000000000000000e+02 6.636000000000000000e+03
5.110000000000000000e+02 3.525000000000000000e+03
5.740000000000000000e+02 1.750000000000000000e+03
6.070000000000000000e+02 7.880000000000000000e+02
6.630000000000000000e+02 2.740000000000000000e+02
7.370000000000000000e+02 8.700000000000000000e+01
8.110000000000000000e+02 1.800000000000000000e+01
8.540000000000000000e+02 4.000000000000000000e+00
8.770000000000000000e+02 1.000000000000000000e+00
8.990000000000000000e+02 0.000000000000000000e+00
9.090000000000000000e+02 0.000000000000000000e+00
9.140000000000000000e+02 0.000000000000000000e+00
9.160000000000000000e+02 0.000000000000000000e+00
9.200000000000000000e+02 0.000000000000000000e+00
9.210000000000000000e+02 0.000000000000000000e+00
9.210000000000000000e+02 0.000000000000000000e+00
