1.000000000000000000e+00 2.458100000000000000e+04
1.000000000000000000e+00 1.433200000000000000e+04
4.000000000000000000e+00 8.497000000000000000e+03
5.700000000000000000e+01 4.845000000000000000e+03
1.690000000000000000e+02 2.863000000000000000e+03
3.070000000000000000e+02 1.681000000000000000e+03
4.090000000000000000e+02 9.620000000000000000e+02
5.080000000000000000e+02 5.420000000000000000e+02
5.830000000000000000e+02 2.840000000000000000e+02
6.550000000000000000e+02 1.490000000000000000e+02
7.030000000000000000e+02 6.000000000000000000e+01
7.490000000000000000e+02 2.600000000000000000e+01
7.800000000000000000e+02 1.600000000000000000e+01
8.030000000000000000e+02 1.200000000000000000e+01
8.080000000000000000e+02 1.000000000000000000e+01
8.130000000000000000e+02 8.000000000000000000e+00
8.200000000000000000e+02 5.000000000000000000e+00
8.220000000000000000e+02 3.000000000000000000e+00
8.270000000000000000e+02 0.000000000000000000e+00
