2.000000000000000000e+00 3.687000000000000000e+03
7.000000000000000000e+01 2.260000000000000000e+03
2.130000000000000000e+02 1.467000000000000000e+03
3.230000000000000000e+02 9.390000000000000000e+02
3.750000000000000000e+02 5.930000000000000000e+02
4.320000000000000000e+02 3.830000000000000000e+02
4.960000000000000000e+02 2.240000000000000000e+02
5.560000000000000000e+02 1.150000000000000000e+02
6.230000000000000000e+02 6.300000000000000000e+01
6.760000000000000000e+02 3.400000000000000000e+01
7.270000000000000000e+02 1.700000000000000000e+01
7.580000000000000000e+02 7.000000000000000000e+00
7.730000000000000000e+02 0.000000000000000000e+00
7.860000000000000000e+02 0.000000000000000000e+00
7.940000000000000000e+02 0.000000000000000000e+00
7.960000000000000000e+02 0.000000000000000000e+00
7.990000000000000000e+02 0.000000000000000000e+00
8.000000000000000000e+02 0.000000000000000000e+00
8.020000000000000000e+02 0.000000000000000000e+00
