3.500000000000000000e+01 9.266000000000000000e+03
7.100000000000000000e+01 7.475000000000000000e+03
7.700000000000000000e+01 6.313000000000000000e+03
7.900000000000000000e+01 5.287000000000000000e+03
8.000000000000000000e+01 4.321000000000000000e+03
9.100000000000000000e+01 3.547000000000000000e+03
1.130000000000000000e+02 2.880000000000000000e+03
1.470000000000000000e+02 2.388000000000000000e+03
2.010000000000000000e+02 1.966000000000000000e+03
2.510000000000000000e+02 1.628000000000000000e+03
3.070000000000000000e+02 1.363000000000000000e+03
3.610000000000000000e+02 1.126000000000000000e+03
3.980000000000000000e+02 9.460000000000000000e+02
4.390000000000000000e+02 7.800000000000000000e+02
4.650000000000000000e+02 6.250000000000000000e+02
4.970000000000000000e+02 5.160000000000000000e+02
5.170000000000000000e+02 3.990000000000000000e+02
5.500000000000000000e+02 3.210000000000000000e+02
5.770000000000000000e+02 2.440000000000000000e+02
