1.000000000000000000e+00 1.075200000000000000e+04
1.060000000000000000e+02 1.887000000000000000e+03
6.630000000000000000e+02 5.610000000000000000e+02
7.640000000000000000e+02 4.410000000000000000e+02
7.670000000000000000e+02 3.280000000000000000e+02
7.670000000000000000e+02 2.340000000000000000e+02
7.670000000000000000e+02 1.510000000000000000e+02
7.720000000000000000e+02 8.500000000000000000e+01
7.760000000000000000e+02 4.200000000000000000e+01
7.840000000000000000e+02 1.600000000000000000e+01
7.910000000000000000e+02 7.000000000000000000e+00
8.000000000000000000e+02 4.000000000000000000e+00
8.100000000000000000e+02 2.000000000000000000e+00
8.160000000000000000e+02 1.000000000000000000e+00
8.180000000000000000e+02 0.000000000000000000e+00
8.200000000000000000e+02 0.000000000000000000e+00
8.220000000000000000e+02 0.000000000000000000e+00
8.240000000000000000e+02 0.000000000000000000e+00
8.260000000000000000e+02 0.000000000000000000e+00
