4.500000000000000000e+01 1.311500000000000000e+04
7.300000000000000000e+01 9.664000000000000000e+03
7.700000000000000000e+01 7.069000000000000000e+03
9.900000000000000000e+01 5.121000000000000000e+03
1.560000000000000000e+02 3.687000000000000000e+03
2.300000000000000000e+02 2.653000000000000000e+03
2.890000000000000000e+02 1.901000000000000000e+03
3.520000000000000000e+02 1.395000000000000000e+03
4.110000000000000000e+02 1.006000000000000000e+03
4.700000000000000000e+02 7.490000000000000000e+02
5.190000000000000000e+02 5.510000000000000000e+02
5.530000000000000000e+02 4.050000000000000000e+02
5.960000000000000000e+02 2.820000000000000000e+02
6.290000000000000000e+02 1.990000000000000000e+02
6.550000000000000000e+02 1.400000000000000000e+02
6.730000000000000000e+02 1.000000000000000000e+02
6.950000000000000000e+02 6.100000000000000000e+01
7.170000000000000000e+02 3.600000000000000000e+01
7.340000000000000000e+02 1.900000000000000000e+01
