1.000000000000000000e+00 8.094000000000000000e+03
2.000000000000000000e+00 4.978000000000000000e+03
4.300000000000000000e+01 2.837000000000000000e+03
1.970000000000000000e+02 1.610000000000000000e+03
3.630000000000000000e+02 9.760000000000000000e+02
4.880000000000000000e+02 6.240000000000000000e+02
5.690000000000000000e+02 3.800000000000000000e+02
6.180000000000000000e+02 2.400000000000000000e+02
6.580000000000000000e+02 1.320000000000000000e+02
7.000000000000000000e+02 7.400000000000000000e+01
7.290000000000000000e+02 3.800000000000000000e+01
7.560000000000000000e+02 2.000000000000000000e+01
7.680000000000000000e+02 9.000000000000000000e+00
7.780000000000000000e+02 4.000000000000000000e+00
7.880000000000000000e+02 2.000000000000000000e+00
7.920000000000000000e+02 0.000000000000000000e+00
8.000000000000000000e+02 0.000000000000000000e+00
8.040000000000000000e+02 0.000000000000000000e+00
8.050000000000000000e+02 0.000000000000000000e+00
