1.000000000000000000e+00 6.061000000000000000e+03
3.300000000000000000e+01 3.779000000000000000e+03
1.290000000000000000e+02 2.092000000000000000e+03
2.380000000000000000e+02 1.141000000000000000e+03
3.620000000000000000e+02 6.020000000000000000e+02
5.120000000000000000e+02 3.090000000000000000e+02
6.210000000000000000e+02 1.790000000000000000e+02
6.750000000000000000e+02 1.160000000000000000e+02
7.230000000000000000e+02 6.800000000000000000e+01
7.440000000000000000e+02 4.500000000000000000e+01
7.550000000000000000e+02 2.300000000000000000e+01
7.660000000000000000e+02 1.700000000000000000e+01
7.730000000000000000e+02 6.000000000000000000e+00
7.840000000000000000e+02 1.000000000000000000e+00
7.880000000000000000e+02 0.000000000000000000e+00
7.940000000000000000e+02 0.000000000000000000e+00
8.000000000000000000e+02 0.000000000000000000e+00
8.010000000000000000e+02 0.000000000000000000e+00
8.040000000000000000e+02 0.000000000000000000e+00
