1.000000000000000000e+00 3.773000000000000000e+03
6.000000000000000000e+00 2.295000000000000000e+03
6.500000000000000000e+01 1.449000000000000000e+03
1.660000000000000000e+02 9.000000000000000000e+02
2.960000000000000000e+02 5.930000000000000000e+02
4.160000000000000000e+02 4.010000000000000000e+02
5.010000000000000000e+02 2.600000000000000000e+02
5.730000000000000000e+02 1.780000000000000000e+02
6.140000000000000000e+02 1.170000000000000000e+02
6.590000000000000000e+02 7.300000000000000000e+01
6.830000000000000000e+02 5.300000000000000000e+01
7.120000000000000000e+02 3.700000000000000000e+01
7.250000000000000000e+02 2.500000000000000000e+01
7.420000000000000000e+02 1.800000000000000000e+01
7.580000000000000000e+02 1.100000000000000000e+01
7.690000000000000000e+02 7.000000000000000000e+00
7.780000000000000000e+02 6.000000000000000000e+00
7.840000000000000000e+02 3.000000000000000000e+00
7.860000000000000000e+02 0.000000000000000000e+00
