1.000000000000000000e+00 8.042000000000000000e+03
2.000000000000000000e+00 4.843000000000000000e+03
5.700000000000000000e+01 2.712000000000000000e+03
2.210000000000000000e+02 1.534000000000000000e+03
3.840000000000000000e+02 9.150000000000000000e+02
4.980000000000000000e+02 5.360000000000000000e+02
5.760000000000000000e+02 3.250000000000000000e+02
6.330000000000000000e+02 1.980000000000000000e+02
6.710000000000000000e+02 1.000000000000000000e+02
7.130000000000000000e+02 4.100000000000000000e+01
7.460000000000000000e+02 2.300000000000000000e+01
7.690000000000000000e+02 8.000000000000000000e+00
7.830000000000000000e+02 4.000000000000000000e+00
7.940000000000000000e+02 0.000000000000000000e+00
7.980000000000000000e+02 0.000000000000000000e+00
8.020000000000000000e+02 0.000000000000000000e+00
8.040000000000000000e+02 0.000000000000000000e+00
8.060000000000000000e+02 0.000000000000000000e+00
8.100000000000000000e+02 0.000000000000000000e+00
