1.000000000000000000e+00 1.653200000000000000e+04
1.000000000000000000e+00 9.840000000000000000e+03
1.000000000000000000e+01 6.026000000000000000e+03
6.400000000000000000e+01 3.637000000000000000e+03
1.920000000000000000e+02 2.249000000000000000e+03
3.210000000000000000e+02 1.441000000000000000e+03
4.240000000000000000e+02 9.180000000000000000e+02
5.060000000000000000e+02 5.890000000000000000e+02
5.700000000000000000e+02 3.660000000000000000e+02
6.170000000000000000e+02 2.170000000000000000e+02
6.520000000000000000e+02 1.070000000000000000e+02
6.950000000000000000e+02 5.200000000000000000e+01
7.320000000000000000e+02 2.200000000000000000e+01
7.550000000000000000e+02 1.200000000000000000e+01
7.860000000000000000e+02 5.000000000000000000e+00
8.060000000000000000e+02 2.000000000000000000e+00
8.120000000000000000e+02 1.000000000000000000e+00
8.150000000000000000e+02 1.000000000000000000e+00
8.170000000000000000e+02 1.000000000000000000e+00
