4.500000000000000000e+01 3.968000000000000000e+03
8.200000000000000000e+01 2.935000000000000000e+03
1.300000000000000000e+02 2.197000000000000000e+03
1.910000000000000000e+02 1.650000000000000000e+03
2.490000000000000000e+02 1.262000000000000000e+03
3.120000000000000000e+02 9.820000000000000000e+02
3.720000000000000000e+02 7.770000000000000000e+02
4.360000000000000000e+02 6.030000000000000000e+02
4.970000000000000000e+02 4.590000000000000000e+02
5.410000000000000000e+02 3.630000000000000000e+02
5.750000000000000000e+02 2.800000000000000000e+02
5.940000000000000000e+02 2.140000000000000000e+02
6.250000000000000000e+02 1.580000000000000000e+02
6.450000000000000000e+02 1.160000000000000000e+02
6.700000000000000000e+02 8.700000000000000000e+01
6.890000000000000000e+02 6.300000000000000000e+01
6.990000000000000000e+02 4.600000000000000000e+01
7.100000000000000000e+02 3.000000000000000000e+01
7.240000000000000000e+02 2.200000000000000000e+01
