1.000000000000000000e+01 1.649000000000000000e+03
1.000000000000000000e+02 1.047000000000000000e+03
2.230000000000000000e+02 6.350000000000000000e+02
3.280000000000000000e+02 4.000000000000000000e+02
4.390000000000000000e+02 2.490000000000000000e+02
5.320000000000000000e+02 1.660000000000000000e+02
5.890000000000000000e+02 1.250000000000000000e+02
6.340000000000000000e+02 8.000000000000000000e+01
6.720000000000000000e+02 5.100000000000000000e+01
7.020000000000000000e+02 2.700000000000000000e+01
7.200000000000000000e+02 1.700000000000000000e+01
7.510000000000000000e+02 9.000000000000000000e+00
7.660000000000000000e+02 7.000000000000000000e+00
7.770000000000000000e+02 4.000000000000000000e+00
7.820000000000000000e+02 3.000000000000000000e+00
7.880000000000000000e+02 1.000000000000000000e+00
7.920000000000000000e+02 1.000000000000000000e+00
7.940000000000000000e+02 0.000000000000000000e+00
7.950000000000000000e+02 0.000000000000000000e+00
