1.000000000000000000e+00 1.317300000000000000e+04
1.000000000000000000e+00 8.610000000000000000e+03
7.000000000000000000e+00 5.319000000000000000e+03
4.400000000000000000e+01 3.273000000000000000e+03
1.590000000000000000e+02 2.019000000000000000e+03
2.980000000000000000e+02 1.229000000000000000e+03
4.360000000000000000e+02 8.160000000000000000e+02
5.370000000000000000e+02 5.170000000000000000e+02
6.030000000000000000e+02 3.060000000000000000e+02
6.500000000000000000e+02 1.750000000000000000e+02
6.910000000000000000e+02 8.200000000000000000e+01
7.230000000000000000e+02 4.000000000000000000e+01
7.500000000000000000e+02 1.800000000000000000e+01
7.710000000000000000e+02 7.000000000000000000e+00
7.930000000000000000e+02 0.000000000000000000e+00
8.000000000000000000e+02 0.000000000000000000e+00
8.060000000000000000e+02 0.000000000000000000e+00
8.080000000000000000e+02 0.000000000000000000e+00
8.120000000000000000e+02 0.000000000000000000e+00
