1.000000000000000000e+00 1.314700000000000000e+04
1.000000000000000000e+00 8.563000000000000000e+03
8.000000000000000000e+00 5.161000000000000000e+03
4.400000000000000000e+01 3.134000000000000000e+03
1.630000000000000000e+02 1.860000000000000000e+03
3.070000000000000000e+02 1.141000000000000000e+03
4.590000000000000000e+02 7.360000000000000000e+02
5.490000000000000000e+02 4.270000000000000000e+02
6.150000000000000000e+02 2.430000000000000000e+02
6.700000000000000000e+02 1.210000000000000000e+02
7.060000000000000000e+02 5.900000000000000000e+01
7.380000000000000000e+02 2.600000000000000000e+01
7.640000000000000000e+02 1.100000000000000000e+01
7.850000000000000000e+02 2.000000000000000000e+00
7.970000000000000000e+02 0.000000000000000000e+00
8.050000000000000000e+02 0.000000000000000000e+00
8.080000000000000000e+02 0.000000000000000000e+00
8.120000000000000000e+02 0.000000000000000000e+00
8.130000000000000000e+02 0.000000000000000000e+00
