1.000000000000000000e+00 7.630000000000000000e+03
5.200000000000000000e+01 4.179000000000000000e+03
1.490000000000000000e+02 2.030000000000000000e+03
3.330000000000000000e+02 9.240000000000000000e+02
4.820000000000000000e+02 4.720000000000000000e+02
5.990000000000000000e+02 2.270000000000000000e+02
6.740000000000000000e+02 1.340000000000000000e+02
7.150000000000000000e+02 8.800000000000000000e+01
7.460000000000000000e+02 5.300000000000000000e+01
7.690000000000000000e+02 2.600000000000000000e+01
7.760000000000000000e+02 1.500000000000000000e+01
7.810000000000000000e+02 8.000000000000000000e+00
7.900000000000000000e+02 2.000000000000000000e+00
7.960000000000000000e+02 0.000000000000000000e+00
8.010000000000000000e+02 0.000000000000000000e+00
8.050000000000000000e+02 0.000000000000000000e+00
8.070000000000000000e+02 0.000000000000000000e+00
8.100000000000000000e+02 0.000000000000000000e+00
8.100000000000000000e+02 0.000000000000000000e+00
