1.000000000000000000e+00 8.016000000000000000e+03
1.100000000000000000e+01 4.828000000000000000e+03
9.900000000000000000e+01 2.861000000000000000e+03
2.550000000000000000e+02 1.730000000000000000e+03
3.550000000000000000e+02 1.025000000000000000e+03
4.640000000000000000e+02 5.950000000000000000e+02
5.500000000000000000e+02 3.520000000000000000e+02
6.120000000000000000e+02 2.020000000000000000e+02
6.710000000000000000e+02 1.180000000000000000e+02
6.980000000000000000e+02 6.200000000000000000e+01
7.360000000000000000e+02 2.100000000000000000e+01
7.640000000000000000e+02 8.000000000000000000e+00
7.800000000000000000e+02 3.000000000000000000e+00
7.930000000000000000e+02 1.000000000000000000e+00
8.000000000000000000e+02 0.000000000000000000e+00
8.020000000000000000e+02 0.000000000000000000e+00
8.040000000000000000e+02 0.000000000000000000e+00
8.070000000000000000e+02 0.000000000000000000e+00
8.090000000000000000e+02 0.000000000000000000e+00
