2.000000000000000000e+01 1.516000000000000000e+03
1.330000000000000000e+02 9.300000000000000000e+02
2.510000000000000000e+02 5.520000000000000000e+02
3.790000000000000000e+02 3.220000000000000000e+02
4.780000000000000000e+02 1.840000000000000000e+02
5.570000000000000000e+02 1.130000000000000000e+02
6.070000000000000000e+02 6.400000000000000000e+01
6.460000000000000000e+02 3.300000000000000000e+01
6.820000000000000000e+02 1.000000000000000000e+01
7.080000000000000000e+02 4.000000000000000000e+00
7.270000000000000000e+02 2.000000000000000000e+00
7.440000000000000000e+02 0.000000000000000000e+00
7.600000000000000000e+02 0.000000000000000000e+00
7.650000000000000000e+02 0.000000000000000000e+00
7.730000000000000000e+02 0.000000000000000000e+00
7.750000000000000000e+02 0.000000000000000000e+00
7.770000000000000000e+02 0.000000000000000000e+00
7.830000000000000000e+02 0.000000000000000000e+00
7.870000000000000000e+02 0.000000000000000000e+00
