1.000000000000000000e+00 3.691000000000000000e+03
2.200000000000000000e+01 2.162000000000000000e+03
1.010000000000000000e+02 1.263000000000000000e+03
2.330000000000000000e+02 7.240000000000000000e+02
3.500000000000000000e+02 4.430000000000000000e+02
4.670000000000000000e+02 2.420000000000000000e+02
5.710000000000000000e+02 1.370000000000000000e+02
6.240000000000000000e+02 8.100000000000000000e+01
6.700000000000000000e+02 5.100000000000000000e+01
7.140000000000000000e+02 2.900000000000000000e+01
7.380000000000000000e+02 1.900000000000000000e+01
7.540000000000000000e+02 1.200000000000000000e+01
7.650000000000000000e+02 7.000000000000000000e+00
7.780000000000000000e+02 4.000000000000000000e+00
7.850000000000000000e+02 2.000000000000000000e+00
7.910000000000000000e+02 1.000000000000000000e+00
7.950000000000000000e+02 1.000000000000000000e+00
7.960000000000000000e+02 1.000000000000000000e+00
7.970000000000000000e+02 0.000000000000000000e+00
