1.000000000000000000e+00 1.387000000000000000e+04
2.000000000000000000e+00 6.004000000000000000e+03
1.040000000000000000e+02 2.501000000000000000e+03
3.640000000000000000e+02 1.102000000000000000e+03
5.310000000000000000e+02 5.330000000000000000e+02
6.340000000000000000e+02 2.880000000000000000e+02
7.100000000000000000e+02 1.610000000000000000e+02
7.490000000000000000e+02 8.700000000000000000e+01
7.710000000000000000e+02 4.400000000000000000e+01
7.830000000000000000e+02 1.800000000000000000e+01
7.920000000000000000e+02 4.000000000000000000e+00
8.030000000000000000e+02 2.000000000000000000e+00
8.100000000000000000e+02 1.000000000000000000e+00
8.150000000000000000e+02 1.000000000000000000e+00
8.180000000000000000e+02 0.000000000000000000e+00
8.220000000000000000e+02 0.000000000000000000e+00
8.230000000000000000e+02 0.000000000000000000e+00
8.240000000000000000e+02 0.000000000000000000e+00
8.260000000000000000e+02 0.000000000000000000e+00
