1.000000000000000000e+00 1.217300000000000000e+04
1.000000000000000000e+00 7.130000000000000000e+03
1.900000000000000000e+01 4.245000000000000000e+03
1.240000000000000000e+02 2.491000000000000000e+03
2.820000000000000000e+02 1.537000000000000000e+03
4.440000000000000000e+02 1.024000000000000000e+03
5.410000000000000000e+02 6.890000000000000000e+02
6.040000000000000000e+02 4.490000000000000000e+02
6.370000000000000000e+02 2.710000000000000000e+02
6.700000000000000000e+02 1.560000000000000000e+02
7.110000000000000000e+02 8.000000000000000000e+01
7.380000000000000000e+02 4.700000000000000000e+01
7.600000000000000000e+02 2.100000000000000000e+01
7.780000000000000000e+02 1.100000000000000000e+01
7.890000000000000000e+02 2.000000000000000000e+00
8.000000000000000000e+02 2.000000000000000000e+00
8.040000000000000000e+02 1.000000000000000000e+00
8.100000000000000000e+02 0.000000000000000000e+00
8.100000000000000000e+02 0.000000000000000000e+00
