1.000000000000000000e+00 8.039000000000000000e+03
4.000000000000000000e+00 4.851000000000000000e+03
7.700000000000000000e+01 2.793000000000000000e+03
2.260000000000000000e+02 1.661000000000000000e+03
3.710000000000000000e+02 9.760000000000000000e+02
4.840000000000000000e+02 5.770000000000000000e+02
5.660000000000000000e+02 3.490000000000000000e+02
6.220000000000000000e+02 2.020000000000000000e+02
6.650000000000000000e+02 1.160000000000000000e+02
7.080000000000000000e+02 5.700000000000000000e+01
7.480000000000000000e+02 2.100000000000000000e+01
7.630000000000000000e+02 8.000000000000000000e+00
7.800000000000000000e+02 3.000000000000000000e+00
7.950000000000000000e+02 1.000000000000000000e+00
8.000000000000000000e+02 0.000000000000000000e+00
8.010000000000000000e+02 0.000000000000000000e+00
8.040000000000000000e+02 0.000000000000000000e+00
8.060000000000000000e+02 0.000000000000000000e+00
8.100000000000000000e+02 0.000000000000000000e+00
