1.000000000000000000e+00 1.484800000000000000e+04
1.000000000000000000e+00 7.321000000000000000e+03
4.200000000000000000e+01 3.696000000000000000e+03
2.080000000000000000e+02 1.854000000000000000e+03
3.960000000000000000e+02 9.680000000000000000e+02
5.250000000000000000e+02 5.340000000000000000e+02
6.140000000000000000e+02 2.950000000000000000e+02
6.730000000000000000e+02 1.420000000000000000e+02
7.280000000000000000e+02 6.200000000000000000e+01
7.560000000000000000e+02 2.500000000000000000e+01
7.810000000000000000e+02 1.400000000000000000e+01
7.950000000000000000e+02 4.000000000000000000e+00
8.050000000000000000e+02 3.000000000000000000e+00
8.130000000000000000e+02 2.000000000000000000e+00
8.160000000000000000e+02 1.000000000000000000e+00
8.180000000000000000e+02 1.000000000000000000e+00
8.180000000000000000e+02 1.000000000000000000e+00
8.190000000000000000e+02 0.000000000000000000e+00
8.220000000000000000e+02 0.000000000000000000e+00
