4.500000000000000000e+01 2.663000000000000000e+04
7.600000000000000000e+01 1.983000000000000000e+04
8.400000000000000000e+01 1.480200000000000000e+04
8.800000000000000000e+01 1.085400000000000000e+04
1.050000000000000000e+02 7.764000000000000000e+03
1.370000000000000000e+02 5.514000000000000000e+03
1.840000000000000000e+02 3.859000000000000000e+03
2.400000000000000000e+02 2.710000000000000000e+03
3.010000000000000000e+02 1.914000000000000000e+03
3.710000000000000000e+02 1.297000000000000000e+03
4.310000000000000000e+02 8.740000000000000000e+02
4.800000000000000000e+02 5.650000000000000000e+02
5.280000000000000000e+02 3.290000000000000000e+02
5.750000000000000000e+02 1.910000000000000000e+02
6.190000000000000000e+02 1.070000000000000000e+02
6.520000000000000000e+02 4.800000000000000000e+01
6.900000000000000000e+02 2.300000000000000000e+01
7.210000000000000000e+02 8.000000000000000000e+00
7.540000000000000000e+02 2.000000000000000000e+00
