3.800000000000000000e+01 1.812000000000000000e+03
7.400000000000000000e+01 1.434000000000000000e+03
9.700000000000000000e+01 1.151000000000000000e+03
1.470000000000000000e+02 8.770000000000000000e+02
2.200000000000000000e+02 7.070000000000000000e+02
2.860000000000000000e+02 5.700000000000000000e+02
3.340000000000000000e+02 4.510000000000000000e+02
3.750000000000000000e+02 3.720000000000000000e+02
4.320000000000000000e+02 3.090000000000000000e+02
4.820000000000000000e+02 2.530000000000000000e+02
5.210000000000000000e+02 2.050000000000000000e+02
5.520000000000000000e+02 1.720000000000000000e+02
5.730000000000000000e+02 1.430000000000000000e+02
5.910000000000000000e+02 1.330000000000000000e+02
6.070000000000000000e+02 1.070000000000000000e+02
6.170000000000000000e+02 8.200000000000000000e+01
6.320000000000000000e+02 6.200000000000000000e+01
6.470000000000000000e+02 5.000000000000000000e+01
6.650000000000000000e+02 3.900000000000000000e+01
