1.000000000000000000e+00 1.207000000000000000e+04
2.000000000000000000e+00 6.996000000000000000e+03
2.200000000000000000e+01 4.140000000000000000e+03
1.290000000000000000e+02 2.412000000000000000e+03
3.020000000000000000e+02 1.476000000000000000e+03
4.550000000000000000e+02 9.900000000000000000e+02
5.530000000000000000e+02 6.590000000000000000e+02
6.120000000000000000e+02 4.290000000000000000e+02
6.460000000000000000e+02 2.630000000000000000e+02
6.790000000000000000e+02 1.490000000000000000e+02
7.190000000000000000e+02 7.500000000000000000e+01
7.400000000000000000e+02 3.800000000000000000e+01
7.650000000000000000e+02 1.700000000000000000e+01
7.800000000000000000e+02 8.000000000000000000e+00
7.920000000000000000e+02 2.000000000000000000e+00
8.010000000000000000e+02 2.000000000000000000e+00
8.080000000000000000e+02 0.000000000000000000e+00
8.100000000000000000e+02 0.000000000000000000e+00
8.110000000000000000e+02 0.000000000000000000e+00
