1.000000000000000000e+00 4.829400000000000000e+04
2.700000000000000000e+01 2.665200000000000000e+04
9.200000000000000000e+01 1.422300000000000000e+04
1.200000000000000000e+02 7.289000000000000000e+03
1.880000000000000000e+02 3.437000000000000000e+03
3.060000000000000000e+02 1.603000000000000000e+03
4.160000000000000000e+02 7.250000000000000000e+02
5.230000000000000000e+02 3.090000000000000000e+02
6.290000000000000000e+02 1.230000000000000000e+02
7.120000000000000000e+02 3.900000000000000000e+01
7.650000000000000000e+02 1.100000000000000000e+01
8.050000000000000000e+02 2.000000000000000000e+00
8.430000000000000000e+02 0.000000000000000000e+00
8.590000000000000000e+02 0.000000000000000000e+00
8.700000000000000000e+02 0.000000000000000000e+00
8.780000000000000000e+02 0.000000000000000000e+00
8.830000000000000000e+02 0.000000000000000000e+00
8.840000000000000000e+02 0.000000000000000000e+00
8.900000000000000000e+02 0.000000000000000000e+00
