1.000000000000000000e+00 2.858900000000000000e+04
1.000000000000000000e+00 2.044700000000000000e+04
1.000000000000000000e+00 1.345600000000000000e+04
1.000000000000000000e+00 8.526000000000000000e+03
1.600000000000000000e+01 5.251000000000000000e+03
7.800000000000000000e+01 3.103000000000000000e+03
1.940000000000000000e+02 1.789000000000000000e+03
3.330000000000000000e+02 1.050000000000000000e+03
4.360000000000000000e+02 5.560000000000000000e+02
5.500000000000000000e+02 2.930000000000000000e+02
6.290000000000000000e+02 1.450000000000000000e+02
6.920000000000000000e+02 5.600000000000000000e+01
7.250000000000000000e+02 1.800000000000000000e+01
7.690000000000000000e+02 2.000000000000000000e+00
8.030000000000000000e+02 0.000000000000000000e+00
8.270000000000000000e+02 0.000000000000000000e+00
8.350000000000000000e+02 0.000000000000000000e+00
8.400000000000000000e+02 0.000000000000000000e+00
8.420000000000000000e+02 0.000000000000000000e+00
