1.000000000000000000e+00 8.197000000000000000e+03
3.000000000000000000e+00 5.108000000000000000e+03
4.700000000000000000e+01 2.953000000000000000e+03
1.800000000000000000e+02 1.762000000000000000e+03
3.480000000000000000e+02 1.071000000000000000e+03
4.590000000000000000e+02 6.990000000000000000e+02
5.510000000000000000e+02 4.570000000000000000e+02
6.060000000000000000e+02 2.980000000000000000e+02
6.480000000000000000e+02 1.690000000000000000e+02
6.810000000000000000e+02 1.090000000000000000e+02
7.100000000000000000e+02 6.600000000000000000e+01
7.380000000000000000e+02 4.200000000000000000e+01
7.480000000000000000e+02 2.200000000000000000e+01
7.630000000000000000e+02 6.000000000000000000e+00
7.700000000000000000e+02 6.000000000000000000e+00
7.840000000000000000e+02 4.000000000000000000e+00
7.890000000000000000e+02 1.000000000000000000e+00
7.960000000000000000e+02 1.000000000000000000e+00
7.990000000000000000e+02 0.000000000000000000e+00
