1.000000000000000000e+00 1.493400000000000000e+04
1.000000000000000000e+00 7.462000000000000000e+03
4.000000000000000000e+01 3.827000000000000000e+03
2.000000000000000000e+02 1.958000000000000000e+03
3.920000000000000000e+02 1.046000000000000000e+03
5.120000000000000000e+02 5.790000000000000000e+02
5.980000000000000000e+02 3.150000000000000000e+02
6.640000000000000000e+02 1.610000000000000000e+02
7.180000000000000000e+02 7.700000000000000000e+01
7.490000000000000000e+02 2.500000000000000000e+01
7.780000000000000000e+02 1.400000000000000000e+01
7.940000000000000000e+02 5.000000000000000000e+00
8.010000000000000000e+02 3.000000000000000000e+00
8.130000000000000000e+02 2.000000000000000000e+00
8.160000000000000000e+02 1.000000000000000000e+00
8.170000000000000000e+02 1.000000000000000000e+00
8.180000000000000000e+02 1.000000000000000000e+00
8.190000000000000000e+02 1.000000000000000000e+00
8.220000000000000000e+02 0.000000000000000000e+00
