1.000000000000000000e+00 3.706000000000000000e+03
1.100000000000000000e+01 2.176000000000000000e+03
7.600000000000000000e+01 1.310000000000000000e+03
1.740000000000000000e+02 7.750000000000000000e+02
3.330000000000000000e+02 5.000000000000000000e+02
4.530000000000000000e+02 3.160000000000000000e+02
5.340000000000000000e+02 1.910000000000000000e+02
6.050000000000000000e+02 1.140000000000000000e+02
6.550000000000000000e+02 7.100000000000000000e+01
6.840000000000000000e+02 4.500000000000000000e+01
7.060000000000000000e+02 3.200000000000000000e+01
7.300000000000000000e+02 2.100000000000000000e+01
7.490000000000000000e+02 1.600000000000000000e+01
7.670000000000000000e+02 1.300000000000000000e+01
7.740000000000000000e+02 9.000000000000000000e+00
7.820000000000000000e+02 5.000000000000000000e+00
7.890000000000000000e+02 4.000000000000000000e+00
7.910000000000000000e+02 0.000000000000000000e+00
7.940000000000000000e+02 0.000000000000000000e+00
