1.000000000000000000e+00 3.493900000000000000e+04
2.700000000000000000e+01 2.213000000000000000e+04
8.200000000000000000e+01 1.334700000000000000e+04
1.210000000000000000e+02 7.887000000000000000e+03
1.990000000000000000e+02 4.429000000000000000e+03
2.920000000000000000e+02 2.431000000000000000e+03
3.800000000000000000e+02 1.323000000000000000e+03
4.540000000000000000e+02 6.540000000000000000e+02
5.400000000000000000e+02 3.020000000000000000e+02
6.170000000000000000e+02 1.550000000000000000e+02
6.760000000000000000e+02 6.000000000000000000e+01
7.310000000000000000e+02 1.900000000000000000e+01
7.820000000000000000e+02 3.000000000000000000e+00
8.190000000000000000e+02 0.000000000000000000e+00
8.330000000000000000e+02 0.000000000000000000e+00
8.390000000000000000e+02 0.000000000000000000e+00
8.500000000000000000e+02 0.000000000000000000e+00
8.530000000000000000e+02 0.000000000000000000e+00
8.570000000000000000e+02 0.000000000000000000e+00
