1.000000000000000000e+00 2.438700000000000000e+04
1.000000000000000000e+00 1.402700000000000000e+04
4.000000000000000000e+00 8.242000000000000000e+03
6.000000000000000000e+01 4.618000000000000000e+03
1.830000000000000000e+02 2.722000000000000000e+03
3.190000000000000000e+02 1.555000000000000000e+03
4.270000000000000000e+02 8.760000000000000000e+02
5.240000000000000000e+02 4.880000000000000000e+02
6.020000000000000000e+02 2.550000000000000000e+02
6.660000000000000000e+02 1.270000000000000000e+02
7.180000000000000000e+02 4.600000000000000000e+01
7.550000000000000000e+02 2.400000000000000000e+01
7.920000000000000000e+02 1.500000000000000000e+01
8.040000000000000000e+02 1.200000000000000000e+01
8.100000000000000000e+02 8.000000000000000000e+00
8.140000000000000000e+02 7.000000000000000000e+00
8.210000000000000000e+02 4.000000000000000000e+00
8.250000000000000000e+02 2.000000000000000000e+00
8.300000000000000000e+02 0.000000000000000000e+00
