3.700000000000000000e+01 1.827000000000000000e+03
7.200000000000000000e+01 1.437000000000000000e+03
9.800000000000000000e+01 1.131000000000000000e+03
1.420000000000000000e+02 9.050000000000000000e+02
2.040000000000000000e+02 7.080000000000000000e+02
2.820000000000000000e+02 5.540000000000000000e+02
3.540000000000000000e+02 4.650000000000000000e+02
4.180000000000000000e+02 3.790000000000000000e+02
4.480000000000000000e+02 3.170000000000000000e+02
4.840000000000000000e+02 2.610000000000000000e+02
5.120000000000000000e+02 2.070000000000000000e+02
5.390000000000000000e+02 1.700000000000000000e+02
5.720000000000000000e+02 1.390000000000000000e+02
5.980000000000000000e+02 1.180000000000000000e+02
6.190000000000000000e+02 9.800000000000000000e+01
6.390000000000000000e+02 7.900000000000000000e+01
6.530000000000000000e+02 6.400000000000000000e+01
6.770000000000000000e+02 5.400000000000000000e+01
6.890000000000000000e+02 4.400000000000000000e+01
