1.000000000000000000e+00 1.314700000000000000e+04
1.000000000000000000e+00 8.548000000000000000e+03
7.000000000000000000e+00 5.192000000000000000e+03
4.300000000000000000e+01 3.190000000000000000e+03
1.650000000000000000e+02 1.908000000000000000e+03
3.010000000000000000e+02 1.170000000000000000e+03
4.510000000000000000e+02 7.640000000000000000e+02
5.470000000000000000e+02 4.540000000000000000e+02
6.080000000000000000e+02 2.650000000000000000e+02
6.570000000000000000e+02 1.330000000000000000e+02
7.030000000000000000e+02 6.800000000000000000e+01
7.340000000000000000e+02 3.400000000000000000e+01
7.610000000000000000e+02 1.200000000000000000e+01
7.810000000000000000e+02 3.000000000000000000e+00
7.950000000000000000e+02 0.000000000000000000e+00
8.050000000000000000e+02 0.000000000000000000e+00
8.070000000000000000e+02 0.000000000000000000e+00
8.110000000000000000e+02 0.000000000000000000e+00
8.130000000000000000e+02 0.000000000000000000e+00
