1.100000000000000000e+01 1.679000000000000000e+03
8.300000000000000000e+01 1.106000000000000000e+03
2.040000000000000000e+02 6.850000000000000000e+02
3.060000000000000000e+02 4.070000000000000000e+02
4.270000000000000000e+02 2.430000000000000000e+02
5.230000000000000000e+02 1.380000000000000000e+02
6.060000000000000000e+02 8.400000000000000000e+01
6.690000000000000000e+02 4.600000000000000000e+01
7.180000000000000000e+02 2.600000000000000000e+01
7.430000000000000000e+02 1.500000000000000000e+01
7.540000000000000000e+02 6.000000000000000000e+00
7.660000000000000000e+02 3.000000000000000000e+00
7.780000000000000000e+02 2.000000000000000000e+00
7.820000000000000000e+02 1.000000000000000000e+00
7.860000000000000000e+02 0.000000000000000000e+00
7.890000000000000000e+02 0.000000000000000000e+00
7.960000000000000000e+02 0.000000000000000000e+00
7.970000000000000000e+02 0.000000000000000000e+00
7.970000000000000000e+02 0.000000000000000000e+00
