1.000000000000000000e+00 5.258000000000000000e+03
2.560000000000000000e+02 1.155000000000000000e+03
7.000000000000000000e+02 7.400000000000000000e+02
7.220000000000000000e+02 6.400000000000000000e+02
7.220000000000000000e+02 5.380000000000000000e+02
7.220000000000000000e+02 4.240000000000000000e+02
7.220000000000000000e+02 3.250000000000000000e+02
7.230000000000000000e+02 2.240000000000000000e+02
7.280000000000000000e+02 1.460000000000000000e+02
7.320000000000000000e+02 8.100000000000000000e+01
7.420000000000000000e+02 4.500000000000000000e+01
7.530000000000000000e+02 2.700000000000000000e+01
7.650000000000000000e+02 1.100000000000000000e+01
7.790000000000000000e+02 5.000000000000000000e+00
7.860000000000000000e+02 3.000000000000000000e+00
7.910000000000000000e+02 1.000000000000000000e+00
7.980000000000000000e+02 0.000000000000000000e+00
8.040000000000000000e+02 0.000000000000000000e+00
8.070000000000000000e+02 0.000000000000000000e+00
