2.000000000000000000e+00 3.682000000000000000e+03
3.200000000000000000e+01 2.201000000000000000e+03
1.330000000000000000e+02 1.306000000000000000e+03
2.650000000000000000e+02 8.010000000000000000e+02
3.600000000000000000e+02 4.870000000000000000e+02
4.610000000000000000e+02 2.760000000000000000e+02
5.450000000000000000e+02 1.370000000000000000e+02
6.280000000000000000e+02 8.500000000000000000e+01
6.680000000000000000e+02 4.900000000000000000e+01
7.170000000000000000e+02 2.000000000000000000e+01
7.420000000000000000e+02 1.500000000000000000e+01
7.650000000000000000e+02 1.000000000000000000e+01
7.750000000000000000e+02 4.000000000000000000e+00
7.850000000000000000e+02 1.000000000000000000e+00
7.900000000000000000e+02 1.000000000000000000e+00
7.930000000000000000e+02 1.000000000000000000e+00
7.950000000000000000e+02 0.000000000000000000e+00
7.980000000000000000e+02 0.000000000000000000e+00
8.000000000000000000e+02 0.000000000000000000e+00
