1.000000000000000000e+00 2.332900000000000000e+04
1.000000000000000000e+00 1.246500000000000000e+04
1.000000000000000000e+01 6.684000000000000000e+03
1.040000000000000000e+02 3.461000000000000000e+03
2.720000000000000000e+02 1.845000000000000000e+03
4.040000000000000000e+02 9.500000000000000000e+02
5.260000000000000000e+02 4.770000000000000000e+02
6.290000000000000000e+02 2.530000000000000000e+02
7.010000000000000000e+02 1.150000000000000000e+02
7.400000000000000000e+02 5.600000000000000000e+01
7.760000000000000000e+02 2.800000000000000000e+01
7.970000000000000000e+02 1.500000000000000000e+01
8.090000000000000000e+02 1.200000000000000000e+01
8.150000000000000000e+02 7.000000000000000000e+00
8.180000000000000000e+02 4.000000000000000000e+00
8.230000000000000000e+02 0.000000000000000000e+00
8.300000000000000000e+02 0.000000000000000000e+00
8.340000000000000000e+02 0.000000000000000000e+00
8.370000000000000000e+02 0.000000000000000000e+00
