1.000000000000000000e+00 1.329300000000000000e+04
1.000000000000000000e+00 8.703000000000000000e+03
6.000000000000000000e+00 5.032000000000000000e+03
4.700000000000000000e+01 2.866000000000000000e+03
1.580000000000000000e+02 1.632000000000000000e+03
3.310000000000000000e+02 9.250000000000000000e+02
4.790000000000000000e+02 5.030000000000000000e+02
5.790000000000000000e+02 2.430000000000000000e+02
6.550000000000000000e+02 1.140000000000000000e+02
7.100000000000000000e+02 4.600000000000000000e+01
7.440000000000000000e+02 1.500000000000000000e+01
7.750000000000000000e+02 4.000000000000000000e+00
7.910000000000000000e+02 1.000000000000000000e+00
8.020000000000000000e+02 0.000000000000000000e+00
8.090000000000000000e+02 0.000000000000000000e+00
8.120000000000000000e+02 0.000000000000000000e+00
8.140000000000000000e+02 0.000000000000000000e+00
8.150000000000000000e+02 0.000000000000000000e+00
8.160000000000000000e+02 0.000000000000000000e+00
