1.000000000000000000e+00 1.395000000000000000e+04
5.400000000000000000e+01 2.764000000000000000e+03
5.980000000000000000e+02 8.090000000000000000e+02
7.600000000000000000e+02 5.990000000000000000e+02
7.670000000000000000e+02 4.520000000000000000e+02
7.670000000000000000e+02 3.390000000000000000e+02
7.670000000000000000e+02 2.380000000000000000e+02
7.710000000000000000e+02 1.610000000000000000e+02
7.750000000000000000e+02 1.170000000000000000e+02
7.790000000000000000e+02 7.700000000000000000e+01
7.800000000000000000e+02 4.500000000000000000e+01
7.850000000000000000e+02 2.400000000000000000e+01
7.970000000000000000e+02 9.000000000000000000e+00
8.160000000000000000e+02 1.000000000000000000e+00
8.230000000000000000e+02 0.000000000000000000e+00
8.300000000000000000e+02 0.000000000000000000e+00
8.320000000000000000e+02 0.000000000000000000e+00
8.340000000000000000e+02 0.000000000000000000e+00
8.340000000000000000e+02 0.000000000000000000e+00
