1.000000000000000000e+00 1.679900000000000000e+04
1.520000000000000000e+02 3.442000000000000000e+03
7.200000000000000000e+02 2.337000000000000000e+03
7.230000000000000000e+02 2.004000000000000000e+03
7.230000000000000000e+02 1.654000000000000000e+03
7.230000000000000000e+02 1.308000000000000000e+03
7.230000000000000000e+02 1.019000000000000000e+03
7.230000000000000000e+02 7.240000000000000000e+02
7.230000000000000000e+02 4.400000000000000000e+02
7.250000000000000000e+02 2.530000000000000000e+02
7.420000000000000000e+02 1.500000000000000000e+02
7.530000000000000000e+02 9.000000000000000000e+01
7.640000000000000000e+02 5.100000000000000000e+01
7.830000000000000000e+02 1.500000000000000000e+01
8.040000000000000000e+02 3.000000000000000000e+00
8.150000000000000000e+02 0.000000000000000000e+00
8.270000000000000000e+02 0.000000000000000000e+00
8.330000000000000000e+02 0.000000000000000000e+00
8.380000000000000000e+02 0.000000000000000000e+00
