1.000000000000000000e+00 1.991000000000000000e+04
4.000000000000000000e+00 1.125700000000000000e+04
1.610000000000000000e+02 6.763000000000000000e+03
2.910000000000000000e+02 3.982000000000000000e+03
3.550000000000000000e+02 2.237000000000000000e+03
4.280000000000000000e+02 1.201000000000000000e+03
5.220000000000000000e+02 6.530000000000000000e+02
5.920000000000000000e+02 3.410000000000000000e+02
6.620000000000000000e+02 1.770000000000000000e+02
7.100000000000000000e+02 9.100000000000000000e+01
7.540000000000000000e+02 3.000000000000000000e+01
7.910000000000000000e+02 1.400000000000000000e+01
8.060000000000000000e+02 8.000000000000000000e+00
8.160000000000000000e+02 0.000000000000000000e+00
8.230000000000000000e+02 0.000000000000000000e+00
8.270000000000000000e+02 0.000000000000000000e+00
8.270000000000000000e+02 0.000000000000000000e+00
8.330000000000000000e+02 0.000000000000000000e+00
8.340000000000000000e+02 0.000000000000000000e+00
