1.000000000000000000e+00 7.944000000000000000e+03
2.900000000000000000e+01 4.855000000000000000e+03
1.920000000000000000e+02 3.201000000000000000e+03
3.010000000000000000e+02 2.165000000000000000e+03
3.520000000000000000e+02 1.432000000000000000e+03
4.080000000000000000e+02 8.690000000000000000e+02
4.680000000000000000e+02 5.130000000000000000e+02
5.530000000000000000e+02 2.920000000000000000e+02
6.050000000000000000e+02 1.630000000000000000e+02
6.650000000000000000e+02 8.900000000000000000e+01
7.040000000000000000e+02 4.200000000000000000e+01
7.320000000000000000e+02 1.600000000000000000e+01
7.600000000000000000e+02 6.000000000000000000e+00
7.790000000000000000e+02 3.000000000000000000e+00
7.910000000000000000e+02 1.000000000000000000e+00
8.000000000000000000e+02 0.000000000000000000e+00
8.050000000000000000e+02 0.000000000000000000e+00
8.090000000000000000e+02 0.000000000000000000e+00
8.100000000000000000e+02 0.000000000000000000e+00
