1.000000000000000000e+00 1.651900000000000000e+04
1.000000000000000000e+00 9.822000000000000000e+03
1.000000000000000000e+01 6.046000000000000000e+03
6.500000000000000000e+01 3.647000000000000000e+03
1.910000000000000000e+02 2.252000000000000000e+03
3.250000000000000000e+02 1.451000000000000000e+03
4.230000000000000000e+02 9.430000000000000000e+02
5.050000000000000000e+02 5.930000000000000000e+02
5.710000000000000000e+02 3.720000000000000000e+02
6.120000000000000000e+02 2.250000000000000000e+02
6.510000000000000000e+02 1.130000000000000000e+02
6.900000000000000000e+02 5.500000000000000000e+01
7.290000000000000000e+02 2.300000000000000000e+01
7.510000000000000000e+02 1.300000000000000000e+01
7.850000000000000000e+02 6.000000000000000000e+00
8.040000000000000000e+02 3.000000000000000000e+00
8.100000000000000000e+02 1.000000000000000000e+00
8.150000000000000000e+02 1.000000000000000000e+00
8.160000000000000000e+02 1.000000000000000000e+00
