1.000000000000000000e+00 1.709400000000000000e+04
7.100000000000000000e+01 1.061500000000000000e+04
8.300000000000000000e+01 6.586000000000000000e+03
1.050000000000000000e+02 3.866000000000000000e+03
1.560000000000000000e+02 2.084000000000000000e+03
2.500000000000000000e+02 1.079000000000000000e+03
3.640000000000000000e+02 5.260000000000000000e+02
4.830000000000000000e+02 2.530000000000000000e+02
5.780000000000000000e+02 1.320000000000000000e+02
6.450000000000000000e+02 6.700000000000000000e+01
7.080000000000000000e+02 2.000000000000000000e+01
7.500000000000000000e+02 8.000000000000000000e+00
7.760000000000000000e+02 1.000000000000000000e+00
7.960000000000000000e+02 0.000000000000000000e+00
8.060000000000000000e+02 0.000000000000000000e+00
8.140000000000000000e+02 0.000000000000000000e+00
8.160000000000000000e+02 0.000000000000000000e+00
8.180000000000000000e+02 0.000000000000000000e+00
8.200000000000000000e+02 0.000000000000000000e+00
