1.000000000000000000e+00 4.974400000000000000e+04
7.600000000000000000e+01 3.107400000000000000e+04
9.100000000000000000e+01 1.911300000000000000e+04
1.060000000000000000e+02 1.133700000000000000e+04
1.300000000000000000e+02 6.177000000000000000e+03
1.670000000000000000e+02 3.226000000000000000e+03
2.450000000000000000e+02 1.648000000000000000e+03
3.420000000000000000e+02 8.220000000000000000e+02
4.620000000000000000e+02 4.060000000000000000e+02
5.720000000000000000e+02 1.850000000000000000e+02
6.590000000000000000e+02 9.500000000000000000e+01
7.230000000000000000e+02 3.900000000000000000e+01
7.730000000000000000e+02 1.600000000000000000e+01
7.940000000000000000e+02 5.000000000000000000e+00
8.220000000000000000e+02 2.000000000000000000e+00
8.400000000000000000e+02 0.000000000000000000e+00
8.550000000000000000e+02 0.000000000000000000e+00
8.680000000000000000e+02 0.000000000000000000e+00
8.760000000000000000e+02 0.000000000000000000e+00
