1.000000000000000000e+00 1.224000000000000000e+04
2.000000000000000000e+00 7.245000000000000000e+03
1.500000000000000000e+01 4.348000000000000000e+03
1.150000000000000000e+02 2.591000000000000000e+03
2.770000000000000000e+02 1.584000000000000000e+03
4.280000000000000000e+02 1.046000000000000000e+03
5.340000000000000000e+02 7.070000000000000000e+02
5.960000000000000000e+02 4.680000000000000000e+02
6.360000000000000000e+02 2.910000000000000000e+02
6.710000000000000000e+02 1.600000000000000000e+02
7.090000000000000000e+02 8.800000000000000000e+01
7.360000000000000000e+02 5.000000000000000000e+01
7.560000000000000000e+02 2.400000000000000000e+01
7.730000000000000000e+02 1.100000000000000000e+01
7.840000000000000000e+02 4.000000000000000000e+00
7.970000000000000000e+02 2.000000000000000000e+00
8.040000000000000000e+02 2.000000000000000000e+00
8.070000000000000000e+02 0.000000000000000000e+00
8.100000000000000000e+02 0.000000000000000000e+00
