1.000000000000000000e+00 2.303800000000000000e+04
1.000000000000000000e+00 1.208400000000000000e+04
1.100000000000000000e+01 6.308000000000000000e+03
1.180000000000000000e+02 3.196000000000000000e+03
2.940000000000000000e+02 1.642000000000000000e+03
4.270000000000000000e+02 8.460000000000000000e+02
5.630000000000000000e+02 4.160000000000000000e+02
6.580000000000000000e+02 2.170000000000000000e+02
7.180000000000000000e+02 1.080000000000000000e+02
7.500000000000000000e+02 5.200000000000000000e+01
7.830000000000000000e+02 3.000000000000000000e+01
7.970000000000000000e+02 1.500000000000000000e+01
8.080000000000000000e+02 9.000000000000000000e+00
8.160000000000000000e+02 5.000000000000000000e+00
8.200000000000000000e+02 2.000000000000000000e+00
8.260000000000000000e+02 0.000000000000000000e+00
8.320000000000000000e+02 0.000000000000000000e+00
8.360000000000000000e+02 0.000000000000000000e+00
8.380000000000000000e+02 0.000000000000000000e+00
