1.000000000000000000e+00 4.455200000000000000e+04
3.800000000000000000e+01 2.221300000000000000e+04
1.140000000000000000e+02 1.176500000000000000e+04
3.120000000000000000e+02 6.524000000000000000e+03
5.310000000000000000e+02 3.661000000000000000e+03
5.850000000000000000e+02 2.193000000000000000e+03
6.110000000000000000e+02 1.233000000000000000e+03
6.370000000000000000e+02 6.420000000000000000e+02
6.740000000000000000e+02 3.000000000000000000e+02
7.180000000000000000e+02 1.290000000000000000e+02
7.670000000000000000e+02 5.300000000000000000e+01
8.050000000000000000e+02 8.000000000000000000e+00
8.420000000000000000e+02 0.000000000000000000e+00
8.570000000000000000e+02 0.000000000000000000e+00
8.710000000000000000e+02 0.000000000000000000e+00
8.790000000000000000e+02 0.000000000000000000e+00
8.840000000000000000e+02 0.000000000000000000e+00
8.880000000000000000e+02 0.000000000000000000e+00
8.890000000000000000e+02 0.000000000000000000e+00
