1.000000000000000000e+00 3.689000000000000000e+03
1.200000000000000000e+01 2.166000000000000000e+03
7.500000000000000000e+01 1.281000000000000000e+03
1.970000000000000000e+02 7.400000000000000000e+02
3.350000000000000000e+02 4.540000000000000000e+02
4.620000000000000000e+02 2.760000000000000000e+02
5.460000000000000000e+02 1.610000000000000000e+02
6.170000000000000000e+02 9.200000000000000000e+01
6.690000000000000000e+02 5.900000000000000000e+01
6.960000000000000000e+02 3.800000000000000000e+01
7.200000000000000000e+02 2.300000000000000000e+01
7.430000000000000000e+02 1.700000000000000000e+01
7.600000000000000000e+02 1.500000000000000000e+01
7.720000000000000000e+02 7.000000000000000000e+00
7.810000000000000000e+02 5.000000000000000000e+00
7.850000000000000000e+02 2.000000000000000000e+00
7.910000000000000000e+02 0.000000000000000000e+00
7.940000000000000000e+02 0.000000000000000000e+00
7.960000000000000000e+02 0.000000000000000000e+00
