1.000000000000000000e+00 3.721000000000000000e+03
1.900000000000000000e+01 2.163000000000000000e+03
9.000000000000000000e+01 1.252000000000000000e+03
2.290000000000000000e+02 7.270000000000000000e+02
3.470000000000000000e+02 4.470000000000000000e+02
4.690000000000000000e+02 2.460000000000000000e+02
5.670000000000000000e+02 1.430000000000000000e+02
6.230000000000000000e+02 8.300000000000000000e+01
6.660000000000000000e+02 5.300000000000000000e+01
7.070000000000000000e+02 3.300000000000000000e+01
7.310000000000000000e+02 2.000000000000000000e+01
7.520000000000000000e+02 1.400000000000000000e+01
7.620000000000000000e+02 8.000000000000000000e+00
7.750000000000000000e+02 4.000000000000000000e+00
7.850000000000000000e+02 2.000000000000000000e+00
7.890000000000000000e+02 1.000000000000000000e+00
7.950000000000000000e+02 1.000000000000000000e+00
7.960000000000000000e+02 1.000000000000000000e+00
7.960000000000000000e+02 0.000000000000000000e+00
