1.000000000000000000e+00 1.192500000000000000e+04
2.000000000000000000e+00 6.761000000000000000e+03
3.700000000000000000e+01 3.925000000000000000e+03
1.630000000000000000e+02 2.230000000000000000e+03
3.300000000000000000e+02 1.404000000000000000e+03
4.790000000000000000e+02 9.200000000000000000e+02
5.680000000000000000e+02 6.420000000000000000e+02
6.190000000000000000e+02 4.030000000000000000e+02
6.550000000000000000e+02 2.540000000000000000e+02
6.900000000000000000e+02 1.400000000000000000e+02
7.200000000000000000e+02 7.300000000000000000e+01
7.480000000000000000e+02 3.300000000000000000e+01
7.710000000000000000e+02 1.500000000000000000e+01
7.840000000000000000e+02 8.000000000000000000e+00
7.960000000000000000e+02 3.000000000000000000e+00
8.070000000000000000e+02 0.000000000000000000e+00
8.100000000000000000e+02 0.000000000000000000e+00
8.120000000000000000e+02 0.000000000000000000e+00
8.120000000000000000e+02 0.000000000000000000e+00
