1.000000000000000000e+00 8.069000000000000000e+03
5.500000000000000000e+01 4.888000000000000000e+03
1.360000000000000000e+02 2.927000000000000000e+03
2.730000000000000000e+02 1.697000000000000000e+03
4.430000000000000000e+02 1.100000000000000000e+03
5.320000000000000000e+02 7.100000000000000000e+02
5.820000000000000000e+02 4.830000000000000000e+02
6.150000000000000000e+02 2.990000000000000000e+02
6.410000000000000000e+02 1.860000000000000000e+02
6.790000000000000000e+02 1.010000000000000000e+02
7.130000000000000000e+02 6.100000000000000000e+01
7.390000000000000000e+02 3.300000000000000000e+01
7.590000000000000000e+02 1.400000000000000000e+01
7.740000000000000000e+02 6.000000000000000000e+00
7.890000000000000000e+02 3.000000000000000000e+00
8.000000000000000000e+02 1.000000000000000000e+00
8.050000000000000000e+02 0.000000000000000000e+00
8.060000000000000000e+02 0.000000000000000000e+00
8.080000000000000000e+02 0.000000000000000000e+00
