1.000000000000000000e+00 2.256600000000000000e+04
1.000000000000000000e+00 1.148300000000000000e+04
1.700000000000000000e+01 5.719000000000000000e+03
1.440000000000000000e+02 2.797000000000000000e+03
3.280000000000000000e+02 1.383000000000000000e+03
4.670000000000000000e+02 6.830000000000000000e+02
6.120000000000000000e+02 3.570000000000000000e+02
6.890000000000000000e+02 1.830000000000000000e+02
7.330000000000000000e+02 9.800000000000000000e+01
7.710000000000000000e+02 5.700000000000000000e+01
7.860000000000000000e+02 2.800000000000000000e+01
7.980000000000000000e+02 1.500000000000000000e+01
8.080000000000000000e+02 8.000000000000000000e+00
8.160000000000000000e+02 1.000000000000000000e+00
8.240000000000000000e+02 0.000000000000000000e+00
8.290000000000000000e+02 0.000000000000000000e+00
8.350000000000000000e+02 0.000000000000000000e+00
8.380000000000000000e+02 0.000000000000000000e+00
8.400000000000000000e+02 0.000000000000000000e+00
