1.000000000000000000e+00 1.228900000000000000e+04
1.000000000000000000e+00 7.365000000000000000e+03
1.100000000000000000e+01 4.437000000000000000e+03
1.050000000000000000e+02 2.642000000000000000e+03
2.610000000000000000e+02 1.612000000000000000e+03
4.110000000000000000e+02 1.052000000000000000e+03
5.240000000000000000e+02 7.210000000000000000e+02
5.870000000000000000e+02 4.700000000000000000e+02
6.310000000000000000e+02 3.040000000000000000e+02
6.670000000000000000e+02 1.670000000000000000e+02
7.000000000000000000e+02 9.300000000000000000e+01
7.330000000000000000e+02 5.200000000000000000e+01
7.540000000000000000e+02 2.900000000000000000e+01
7.740000000000000000e+02 1.200000000000000000e+01
7.830000000000000000e+02 4.000000000000000000e+00
7.940000000000000000e+02 3.000000000000000000e+00
8.000000000000000000e+02 2.000000000000000000e+00
8.060000000000000000e+02 1.000000000000000000e+00
8.090000000000000000e+02 0.000000000000000000e+00
