1.000000000000000000e+00 1.252500000000000000e+04
2.800000000000000000e+01 7.580000000000000000e+03
9.400000000000000000e+01 4.405000000000000000e+03
1.510000000000000000e+02 2.464000000000000000e+03
2.580000000000000000e+02 1.308000000000000000e+03
3.650000000000000000e+02 6.630000000000000000e+02
4.870000000000000000e+02 3.440000000000000000e+02
5.820000000000000000e+02 1.760000000000000000e+02
6.570000000000000000e+02 9.600000000000000000e+01
7.070000000000000000e+02 4.200000000000000000e+01
7.370000000000000000e+02 1.400000000000000000e+01
7.690000000000000000e+02 6.000000000000000000e+00
7.840000000000000000e+02 1.000000000000000000e+00
7.980000000000000000e+02 1.000000000000000000e+00
8.060000000000000000e+02 0.000000000000000000e+00
8.100000000000000000e+02 0.000000000000000000e+00
8.120000000000000000e+02 0.000000000000000000e+00
8.160000000000000000e+02 0.000000000000000000e+00
8.180000000000000000e+02 0.000000000000000000e+00
