1.000000000000000000e+00 3.771000000000000000e+03
8.000000000000000000e+00 2.283000000000000000e+03
6.600000000000000000e+01 1.428000000000000000e+03
1.710000000000000000e+02 8.810000000000000000e+02
2.960000000000000000e+02 5.850000000000000000e+02
4.170000000000000000e+02 3.930000000000000000e+02
5.060000000000000000e+02 2.570000000000000000e+02
5.740000000000000000e+02 1.720000000000000000e+02
6.190000000000000000e+02 1.110000000000000000e+02
6.640000000000000000e+02 6.700000000000000000e+01
6.830000000000000000e+02 4.900000000000000000e+01
7.150000000000000000e+02 3.500000000000000000e+01
7.270000000000000000e+02 2.400000000000000000e+01
7.430000000000000000e+02 1.800000000000000000e+01
7.610000000000000000e+02 1.100000000000000000e+01
7.700000000000000000e+02 7.000000000000000000e+00
7.790000000000000000e+02 6.000000000000000000e+00
7.840000000000000000e+02 3.000000000000000000e+00
7.870000000000000000e+02 0.000000000000000000e+00
