1.000000000000000000e+00 2.371800000000000000e+04
1.000000000000000000e+00 1.298100000000000000e+04
6.000000000000000000e+00 7.212000000000000000e+03
8.400000000000000000e+01 3.851000000000000000e+03
2.300000000000000000e+02 2.114000000000000000e+03
3.710000000000000000e+02 1.145000000000000000e+03
4.860000000000000000e+02 5.940000000000000000e+02
5.880000000000000000e+02 3.120000000000000000e+02
6.600000000000000000e+02 1.490000000000000000e+02
7.200000000000000000e+02 6.100000000000000000e+01
7.560000000000000000e+02 2.600000000000000000e+01
7.920000000000000000e+02 1.500000000000000000e+01
8.060000000000000000e+02 1.200000000000000000e+01
8.130000000000000000e+02 9.000000000000000000e+00
8.150000000000000000e+02 6.000000000000000000e+00
8.210000000000000000e+02 4.000000000000000000e+00
8.260000000000000000e+02 0.000000000000000000e+00
8.320000000000000000e+02 0.000000000000000000e+00
8.340000000000000000e+02 0.000000000000000000e+00
