1.000000000000000000e+00 1.649300000000000000e+04
1.000000000000000000e+00 9.849000000000000000e+03
8.000000000000000000e+00 6.078000000000000000e+03
6.100000000000000000e+01 3.684000000000000000e+03
1.860000000000000000e+02 2.294000000000000000e+03
3.210000000000000000e+02 1.481000000000000000e+03
4.180000000000000000e+02 9.720000000000000000e+02
4.990000000000000000e+02 6.060000000000000000e+02
5.650000000000000000e+02 3.840000000000000000e+02
6.100000000000000000e+02 2.330000000000000000e+02
6.480000000000000000e+02 1.190000000000000000e+02
6.880000000000000000e+02 5.900000000000000000e+01
7.240000000000000000e+02 2.600000000000000000e+01
7.490000000000000000e+02 1.300000000000000000e+01
7.770000000000000000e+02 7.000000000000000000e+00
7.980000000000000000e+02 3.000000000000000000e+00
8.100000000000000000e+02 1.000000000000000000e+00
8.140000000000000000e+02 1.000000000000000000e+00
8.160000000000000000e+02 1.000000000000000000e+00
