1.000000000000000000e+00 8.059000000000000000e+03
2.000000000000000000e+00 4.915000000000000000e+03
4.600000000000000000e+01 2.749000000000000000e+03
2.050000000000000000e+02 1.547000000000000000e+03
3.730000000000000000e+02 9.310000000000000000e+02
4.920000000000000000e+02 5.830000000000000000e+02
5.740000000000000000e+02 3.400000000000000000e+02
6.210000000000000000e+02 2.090000000000000000e+02
6.700000000000000000e+02 1.150000000000000000e+02
7.020000000000000000e+02 5.600000000000000000e+01
7.340000000000000000e+02 2.600000000000000000e+01
7.580000000000000000e+02 1.300000000000000000e+01
7.740000000000000000e+02 5.000000000000000000e+00
7.870000000000000000e+02 2.000000000000000000e+00
7.920000000000000000e+02 0.000000000000000000e+00
7.990000000000000000e+02 0.000000000000000000e+00
8.030000000000000000e+02 0.000000000000000000e+00
8.040000000000000000e+02 0.000000000000000000e+00
8.080000000000000000e+02 0.000000000000000000e+00
