2.000000000000000000e+00 3.981000000000000000e+03
7.600000000000000000e+01 2.640000000000000000e+03
1.030000000000000000e+02 1.679000000000000000e+03
1.900000000000000000e+02 9.820000000000000000e+02
3.030000000000000000e+02 5.730000000000000000e+02
4.420000000000000000e+02 3.130000000000000000e+02
5.590000000000000000e+02 1.870000000000000000e+02
6.400000000000000000e+02 1.070000000000000000e+02
6.850000000000000000e+02 5.800000000000000000e+01
7.200000000000000000e+02 3.100000000000000000e+01
7.350000000000000000e+02 1.700000000000000000e+01
7.520000000000000000e+02 5.000000000000000000e+00
7.680000000000000000e+02 2.000000000000000000e+00
7.790000000000000000e+02 0.000000000000000000e+00
7.840000000000000000e+02 0.000000000000000000e+00
7.890000000000000000e+02 0.000000000000000000e+00
7.930000000000000000e+02 0.000000000000000000e+00
7.990000000000000000e+02 0.000000000000000000e+00
8.000000000000000000e+02 0.000000000000000000e+00
