6.900000000000000000e+01 1.454000000000000000e+03
1.320000000000000000e+02 8.900000000000000000e+02
2.650000000000000000e+02 5.250000000000000000e+02
4.210000000000000000e+02 3.110000000000000000e+02
5.190000000000000000e+02 1.970000000000000000e+02
5.880000000000000000e+02 1.230000000000000000e+02
6.310000000000000000e+02 8.300000000000000000e+01
6.690000000000000000e+02 4.500000000000000000e+01
7.010000000000000000e+02 3.400000000000000000e+01
7.340000000000000000e+02 2.400000000000000000e+01
7.490000000000000000e+02 1.400000000000000000e+01
7.570000000000000000e+02 6.000000000000000000e+00
7.690000000000000000e+02 5.000000000000000000e+00
7.790000000000000000e+02 4.000000000000000000e+00
7.830000000000000000e+02 2.000000000000000000e+00
7.890000000000000000e+02 0.000000000000000000e+00
7.940000000000000000e+02 0.000000000000000000e+00
7.960000000000000000e+02 0.000000000000000000e+00
7.970000000000000000e+02 0.000000000000000000e+00
