1.000000000000000000e+00 1.352300000000000000e+04
1.900000000000000000e+01 9.157000000000000000e+03
7.600000000000000000e+01 6.180000000000000000e+03
9.700000000000000000e+01 3.930000000000000000e+03
1.350000000000000000e+02 2.308000000000000000e+03
2.010000000000000000e+02 1.272000000000000000e+03
3.070000000000000000e+02 6.660000000000000000e+02
4.190000000000000000e+02 3.400000000000000000e+02
5.150000000000000000e+02 1.720000000000000000e+02
5.970000000000000000e+02 9.300000000000000000e+01
6.550000000000000000e+02 4.600000000000000000e+01
7.060000000000000000e+02 1.800000000000000000e+01
7.410000000000000000e+02 4.000000000000000000e+00
7.760000000000000000e+02 0.000000000000000000e+00
7.890000000000000000e+02 0.000000000000000000e+00
8.010000000000000000e+02 0.000000000000000000e+00
8.060000000000000000e+02 0.000000000000000000e+00
8.120000000000000000e+02 0.000000000000000000e+00
8.150000000000000000e+02 0.000000000000000000e+00
