1.000000000000000000e+00 2.027200000000000000e+04
1.000000000000000000e+00 1.161700000000000000e+04
1.400000000000000000e+01 6.532000000000000000e+03
1.190000000000000000e+02 3.567000000000000000e+03
2.610000000000000000e+02 2.037000000000000000e+03
3.920000000000000000e+02 1.132000000000000000e+03
4.900000000000000000e+02 6.190000000000000000e+02
5.610000000000000000e+02 3.000000000000000000e+02
6.270000000000000000e+02 1.310000000000000000e+02
6.870000000000000000e+02 5.100000000000000000e+01
7.380000000000000000e+02 1.400000000000000000e+01
7.820000000000000000e+02 5.000000000000000000e+00
8.040000000000000000e+02 2.000000000000000000e+00
8.140000000000000000e+02 0.000000000000000000e+00
8.240000000000000000e+02 0.000000000000000000e+00
8.300000000000000000e+02 0.000000000000000000e+00
8.310000000000000000e+02 0.000000000000000000e+00
8.330000000000000000e+02 0.000000000000000000e+00
8.340000000000000000e+02 0.000000000000000000e+00
