1.000000000000000000e+00 8.184000000000000000e+03
3.000000000000000000e+00 5.075000000000000000e+03
4.400000000000000000e+01 2.897000000000000000e+03
1.790000000000000000e+02 1.711000000000000000e+03
3.570000000000000000e+02 1.043000000000000000e+03
4.630000000000000000e+02 6.700000000000000000e+02
5.580000000000000000e+02 4.320000000000000000e+02
6.170000000000000000e+02 2.840000000000000000e+02
6.500000000000000000e+02 1.600000000000000000e+02
6.850000000000000000e+02 9.700000000000000000e+01
7.140000000000000000e+02 5.800000000000000000e+01
7.410000000000000000e+02 3.600000000000000000e+01
7.570000000000000000e+02 1.700000000000000000e+01
7.670000000000000000e+02 6.000000000000000000e+00
7.760000000000000000e+02 4.000000000000000000e+00
7.860000000000000000e+02 2.000000000000000000e+00
7.900000000000000000e+02 1.000000000000000000e+00
7.970000000000000000e+02 0.000000000000000000e+00
8.010000000000000000e+02 0.000000000000000000e+00
