1.000000000000000000e+00 1.977500000000000000e+04
1.000000000000000000e+00 1.081400000000000000e+04
3.500000000000000000e+01 5.689000000000000000e+03
1.750000000000000000e+02 2.951000000000000000e+03
3.220000000000000000e+02 1.596000000000000000e+03
4.530000000000000000e+02 8.480000000000000000e+02
5.550000000000000000e+02 4.150000000000000000e+02
6.250000000000000000e+02 1.970000000000000000e+02
6.860000000000000000e+02 7.200000000000000000e+01
7.370000000000000000e+02 2.900000000000000000e+01
7.810000000000000000e+02 1.100000000000000000e+01
8.000000000000000000e+02 5.000000000000000000e+00
8.150000000000000000e+02 0.000000000000000000e+00
8.200000000000000000e+02 0.000000000000000000e+00
8.240000000000000000e+02 0.000000000000000000e+00
8.280000000000000000e+02 0.000000000000000000e+00
8.310000000000000000e+02 0.000000000000000000e+00
8.340000000000000000e+02 0.000000000000000000e+00
8.340000000000000000e+02 0.000000000000000000e+00
