1.000000000000000000e+00 8.101000000000000000e+03
3.000000000000000000e+00 5.003000000000000000e+03
4.100000000000000000e+01 2.834000000000000000e+03
1.870000000000000000e+02 1.621000000000000000e+03
3.590000000000000000e+02 9.960000000000000000e+02
4.850000000000000000e+02 6.220000000000000000e+02
5.730000000000000000e+02 3.840000000000000000e+02
6.170000000000000000e+02 2.480000000000000000e+02
6.570000000000000000e+02 1.340000000000000000e+02
6.990000000000000000e+02 7.600000000000000000e+01
7.280000000000000000e+02 4.300000000000000000e+01
7.540000000000000000e+02 2.600000000000000000e+01
7.650000000000000000e+02 1.200000000000000000e+01
7.770000000000000000e+02 5.000000000000000000e+00
7.850000000000000000e+02 2.000000000000000000e+00
7.910000000000000000e+02 0.000000000000000000e+00
7.990000000000000000e+02 0.000000000000000000e+00
8.020000000000000000e+02 0.000000000000000000e+00
8.060000000000000000e+02 0.000000000000000000e+00
