1.000000000000000000e+00 1.224300000000000000e+04
1.200000000000000000e+01 3.808000000000000000e+03
3.290000000000000000e+02 1.076000000000000000e+03
6.030000000000000000e+02 4.910000000000000000e+02
7.240000000000000000e+02 3.330000000000000000e+02
7.610000000000000000e+02 2.380000000000000000e+02
7.670000000000000000e+02 1.680000000000000000e+02
7.710000000000000000e+02 1.220000000000000000e+02
7.760000000000000000e+02 7.900000000000000000e+01
7.790000000000000000e+02 4.300000000000000000e+01
7.870000000000000000e+02 1.800000000000000000e+01
7.950000000000000000e+02 6.000000000000000000e+00
8.020000000000000000e+02 2.000000000000000000e+00
8.080000000000000000e+02 0.000000000000000000e+00
8.140000000000000000e+02 0.000000000000000000e+00
8.180000000000000000e+02 0.000000000000000000e+00
8.220000000000000000e+02 0.000000000000000000e+00
8.230000000000000000e+02 0.000000000000000000e+00
8.230000000000000000e+02 0.000000000000000000e+00
