1.000000000000000000e+00 2.594400000000000000e+04
2.600000000000000000e+01 1.631200000000000000e+04
8.700000000000000000e+01 9.513000000000000000e+03
1.500000000000000000e+02 5.624000000000000000e+03
2.540000000000000000e+02 3.282000000000000000e+03
3.360000000000000000e+02 1.867000000000000000e+03
3.960000000000000000e+02 9.630000000000000000e+02
4.760000000000000000e+02 4.890000000000000000e+02
5.670000000000000000e+02 2.200000000000000000e+02
6.260000000000000000e+02 8.600000000000000000e+01
6.910000000000000000e+02 2.400000000000000000e+01
7.500000000000000000e+02 8.000000000000000000e+00
7.800000000000000000e+02 3.000000000000000000e+00
8.030000000000000000e+02 0.000000000000000000e+00
8.160000000000000000e+02 0.000000000000000000e+00
8.250000000000000000e+02 0.000000000000000000e+00
8.300000000000000000e+02 0.000000000000000000e+00
8.340000000000000000e+02 0.000000000000000000e+00
8.410000000000000000e+02 0.000000000000000000e+00
