6.700000000000000000e+01 1.143500000000000000e+04
7.700000000000000000e+01 7.687000000000000000e+03
8.500000000000000000e+01 4.984000000000000000e+03
1.370000000000000000e+02 3.202000000000000000e+03
2.460000000000000000e+02 2.060000000000000000e+03
3.350000000000000000e+02 1.353000000000000000e+03
3.980000000000000000e+02 8.430000000000000000e+02
4.770000000000000000e+02 5.180000000000000000e+02
5.380000000000000000e+02 2.940000000000000000e+02
5.930000000000000000e+02 1.830000000000000000e+02
6.420000000000000000e+02 1.260000000000000000e+02
6.890000000000000000e+02 8.500000000000000000e+01
7.220000000000000000e+02 6.100000000000000000e+01
7.440000000000000000e+02 4.400000000000000000e+01
7.570000000000000000e+02 3.000000000000000000e+01
7.710000000000000000e+02 2.400000000000000000e+01
7.850000000000000000e+02 1.400000000000000000e+01
7.900000000000000000e+02 1.000000000000000000e+01
7.920000000000000000e+02 8.000000000000000000e+00
