1.000000000000000000e+00 7.931000000000000000e+03
1.600000000000000000e+01 4.706000000000000000e+03
1.410000000000000000e+02 2.849000000000000000e+03
2.840000000000000000e+02 1.764000000000000000e+03
3.560000000000000000e+02 1.040000000000000000e+03
4.560000000000000000e+02 6.000000000000000000e+02
5.470000000000000000e+02 3.490000000000000000e+02
6.140000000000000000e+02 1.920000000000000000e+02
6.660000000000000000e+02 1.090000000000000000e+02
7.060000000000000000e+02 5.300000000000000000e+01
7.360000000000000000e+02 1.900000000000000000e+01
7.650000000000000000e+02 5.000000000000000000e+00
7.820000000000000000e+02 1.000000000000000000e+00
7.950000000000000000e+02 0.000000000000000000e+00
8.000000000000000000e+02 0.000000000000000000e+00
8.050000000000000000e+02 0.000000000000000000e+00
8.060000000000000000e+02 0.000000000000000000e+00
8.090000000000000000e+02 0.000000000000000000e+00
8.100000000000000000e+02 0.000000000000000000e+00
