3.600000000000000000e+01 6.913000000000000000e+03
7.200000000000000000e+01 5.671000000000000000e+03
7.300000000000000000e+01 4.656000000000000000e+03
8.100000000000000000e+01 3.764000000000000000e+03
8.700000000000000000e+01 3.050000000000000000e+03
1.100000000000000000e+02 2.434000000000000000e+03
1.640000000000000000e+02 1.963000000000000000e+03
2.170000000000000000e+02 1.613000000000000000e+03
2.670000000000000000e+02 1.353000000000000000e+03
3.210000000000000000e+02 1.133000000000000000e+03
3.760000000000000000e+02 9.280000000000000000e+02
4.090000000000000000e+02 7.680000000000000000e+02
4.370000000000000000e+02 6.140000000000000000e+02
4.760000000000000000e+02 4.890000000000000000e+02
5.030000000000000000e+02 3.810000000000000000e+02
5.260000000000000000e+02 2.890000000000000000e+02
5.520000000000000000e+02 2.320000000000000000e+02
5.730000000000000000e+02 1.830000000000000000e+02
5.880000000000000000e+02 1.420000000000000000e+02
