1.000000000000000000e+00 1.695500000000000000e+04
1.000000000000000000e+00 1.017900000000000000e+04
4.000000000000000000e+00 6.261000000000000000e+03
5.200000000000000000e+01 3.763000000000000000e+03
1.570000000000000000e+02 2.311000000000000000e+03
3.000000000000000000e+02 1.444000000000000000e+03
4.080000000000000000e+02 8.840000000000000000e+02
5.000000000000000000e+02 5.410000000000000000e+02
5.720000000000000000e+02 3.160000000000000000e+02
6.220000000000000000e+02 1.780000000000000000e+02
6.620000000000000000e+02 7.800000000000000000e+01
7.050000000000000000e+02 3.000000000000000000e+01
7.400000000000000000e+02 1.400000000000000000e+01
7.760000000000000000e+02 3.000000000000000000e+00
7.960000000000000000e+02 2.000000000000000000e+00
8.060000000000000000e+02 1.000000000000000000e+00
8.140000000000000000e+02 1.000000000000000000e+00
8.140000000000000000e+02 1.000000000000000000e+00
8.180000000000000000e+02 1.000000000000000000e+00
