4.600000000000000000e+01 8.530000000000000000e+03
7.500000000000000000e+01 6.306000000000000000e+03
9.400000000000000000e+01 4.666000000000000000e+03
1.420000000000000000e+02 3.412000000000000000e+03
1.970000000000000000e+02 2.510000000000000000e+03
2.360000000000000000e+02 1.880000000000000000e+03
2.890000000000000000e+02 1.384000000000000000e+03
3.540000000000000000e+02 9.890000000000000000e+02
4.230000000000000000e+02 6.990000000000000000e+02
4.880000000000000000e+02 4.930000000000000000e+02
5.300000000000000000e+02 3.480000000000000000e+02
5.680000000000000000e+02 2.400000000000000000e+02
5.970000000000000000e+02 1.630000000000000000e+02
6.320000000000000000e+02 1.110000000000000000e+02
6.540000000000000000e+02 7.600000000000000000e+01
6.770000000000000000e+02 4.600000000000000000e+01
7.020000000000000000e+02 3.100000000000000000e+01
7.210000000000000000e+02 1.600000000000000000e+01
7.340000000000000000e+02 1.000000000000000000e+01
