1.000000000000000000e+00 2.427700000000000000e+04
1.000000000000000000e+00 1.391100000000000000e+04
4.000000000000000000e+00 8.057000000000000000e+03
6.200000000000000000e+01 4.499000000000000000e+03
1.910000000000000000e+02 2.647000000000000000e+03
3.260000000000000000e+02 1.469000000000000000e+03
4.300000000000000000e+02 8.290000000000000000e+02
5.330000000000000000e+02 4.420000000000000000e+02
6.110000000000000000e+02 2.370000000000000000e+02
6.760000000000000000e+02 1.140000000000000000e+02
7.260000000000000000e+02 4.700000000000000000e+01
7.640000000000000000e+02 2.100000000000000000e+01
7.940000000000000000e+02 1.300000000000000000e+01
8.050000000000000000e+02 1.100000000000000000e+01
8.120000000000000000e+02 8.000000000000000000e+00
8.160000000000000000e+02 6.000000000000000000e+00
8.230000000000000000e+02 3.000000000000000000e+00
8.250000000000000000e+02 2.000000000000000000e+00
8.310000000000000000e+02 0.000000000000000000e+00
