8.000000000000000000e+01 1.284000000000000000e+03
2.250000000000000000e+02 7.030000000000000000e+02
3.840000000000000000e+02 4.570000000000000000e+02
4.640000000000000000e+02 3.130000000000000000e+02
5.250000000000000000e+02 1.820000000000000000e+02
5.990000000000000000e+02 1.090000000000000000e+02
6.400000000000000000e+02 7.000000000000000000e+01
6.740000000000000000e+02 4.400000000000000000e+01
7.050000000000000000e+02 1.800000000000000000e+01
7.200000000000000000e+02 1.200000000000000000e+01
7.410000000000000000e+02 7.000000000000000000e+00
7.610000000000000000e+02 3.000000000000000000e+00
7.690000000000000000e+02 1.000000000000000000e+00
7.810000000000000000e+02 0.000000000000000000e+00
7.880000000000000000e+02 0.000000000000000000e+00
7.900000000000000000e+02 0.000000000000000000e+00
7.910000000000000000e+02 0.000000000000000000e+00
7.940000000000000000e+02 0.000000000000000000e+00
7.940000000000000000e+02 0.000000000000000000e+00
