1.000000000000000000e+00 3.754000000000000000e+03
9.000000000000000000e+00 2.244000000000000000e+03
6.600000000000000000e+01 1.382000000000000000e+03
1.760000000000000000e+02 8.290000000000000000e+02
3.100000000000000000e+02 5.330000000000000000e+02
4.320000000000000000e+02 3.510000000000000000e+02
5.250000000000000000e+02 2.260000000000000000e+02
5.910000000000000000e+02 1.460000000000000000e+02
6.320000000000000000e+02 8.600000000000000000e+01
6.740000000000000000e+02 6.100000000000000000e+01
7.020000000000000000e+02 3.700000000000000000e+01
7.180000000000000000e+02 2.800000000000000000e+01
7.410000000000000000e+02 1.900000000000000000e+01
7.560000000000000000e+02 1.600000000000000000e+01
7.680000000000000000e+02 1.000000000000000000e+01
7.760000000000000000e+02 6.000000000000000000e+00
7.850000000000000000e+02 5.000000000000000000e+00
7.870000000000000000e+02 0.000000000000000000e+00
7.910000000000000000e+02 0.000000000000000000e+00
