1.000000000000000000e+00 1.035700000000000000e+04
2.210000000000000000e+02 1.269000000000000000e+03
7.550000000000000000e+02 5.700000000000000000e+02
7.670000000000000000e+02 4.790000000000000000e+02
7.670000000000000000e+02 3.870000000000000000e+02
7.670000000000000000e+02 2.910000000000000000e+02
7.670000000000000000e+02 1.860000000000000000e+02
7.680000000000000000e+02 9.900000000000000000e+01
7.690000000000000000e+02 4.900000000000000000e+01
7.780000000000000000e+02 2.000000000000000000e+01
7.860000000000000000e+02 8.000000000000000000e+00
7.970000000000000000e+02 4.000000000000000000e+00
8.090000000000000000e+02 2.000000000000000000e+00
8.140000000000000000e+02 0.000000000000000000e+00
8.190000000000000000e+02 0.000000000000000000e+00
8.210000000000000000e+02 0.000000000000000000e+00
8.220000000000000000e+02 0.000000000000000000e+00
8.230000000000000000e+02 0.000000000000000000e+00
8.260000000000000000e+02 0.000000000000000000e+00
