2.000000000000000000e+00 3.656000000000000000e+03
2.900000000000000000e+01 2.178000000000000000e+03
1.300000000000000000e+02 1.294000000000000000e+03
2.640000000000000000e+02 7.740000000000000000e+02
3.610000000000000000e+02 4.690000000000000000e+02
4.600000000000000000e+02 2.710000000000000000e+02
5.510000000000000000e+02 1.290000000000000000e+02
6.260000000000000000e+02 8.700000000000000000e+01
6.760000000000000000e+02 4.800000000000000000e+01
7.140000000000000000e+02 2.000000000000000000e+01
7.390000000000000000e+02 1.500000000000000000e+01
7.660000000000000000e+02 1.000000000000000000e+01
7.730000000000000000e+02 6.000000000000000000e+00
7.830000000000000000e+02 1.000000000000000000e+00
7.890000000000000000e+02 1.000000000000000000e+00
7.940000000000000000e+02 1.000000000000000000e+00
7.950000000000000000e+02 0.000000000000000000e+00
7.980000000000000000e+02 0.000000000000000000e+00
8.000000000000000000e+02 0.000000000000000000e+00
