1.000000000000000000e+00 1.476000000000000000e+04
1.000000000000000000e+00 7.154000000000000000e+03
4.600000000000000000e+01 3.548000000000000000e+03
2.200000000000000000e+02 1.755000000000000000e+03
4.160000000000000000e+02 9.020000000000000000e+02
5.360000000000000000e+02 4.790000000000000000e+02
6.190000000000000000e+02 2.720000000000000000e+02
6.850000000000000000e+02 1.280000000000000000e+02
7.330000000000000000e+02 5.900000000000000000e+01
7.630000000000000000e+02 2.600000000000000000e+01
7.820000000000000000e+02 1.200000000000000000e+01
7.960000000000000000e+02 3.000000000000000000e+00
8.060000000000000000e+02 2.000000000000000000e+00
8.130000000000000000e+02 1.000000000000000000e+00
8.160000000000000000e+02 1.000000000000000000e+00
8.180000000000000000e+02 1.000000000000000000e+00
8.190000000000000000e+02 1.000000000000000000e+00
8.210000000000000000e+02 0.000000000000000000e+00
8.230000000000000000e+02 0.000000000000000000e+00
