1.000000000000000000e+00 2.065800000000000000e+04
1.000000000000000000e+00 1.232900000000000000e+04
3.000000000000000000e+00 7.337000000000000000e+03
7.800000000000000000e+01 4.265000000000000000e+03
2.150000000000000000e+02 2.556000000000000000e+03
3.400000000000000000e+02 1.574000000000000000e+03
4.430000000000000000e+02 9.430000000000000000e+02
5.080000000000000000e+02 5.230000000000000000e+02
5.690000000000000000e+02 2.710000000000000000e+02
6.390000000000000000e+02 1.250000000000000000e+02
6.830000000000000000e+02 5.600000000000000000e+01
7.270000000000000000e+02 1.700000000000000000e+01
7.710000000000000000e+02 4.000000000000000000e+00
7.960000000000000000e+02 3.000000000000000000e+00
8.090000000000000000e+02 1.000000000000000000e+00
8.180000000000000000e+02 0.000000000000000000e+00
8.250000000000000000e+02 0.000000000000000000e+00
8.290000000000000000e+02 0.000000000000000000e+00
8.330000000000000000e+02 0.000000000000000000e+00
