4.900000000000000000e+01 1.419000000000000000e+03
1.460000000000000000e+02 8.230000000000000000e+02
3.000000000000000000e+02 4.790000000000000000e+02
4.390000000000000000e+02 2.940000000000000000e+02
5.500000000000000000e+02 1.930000000000000000e+02
6.240000000000000000e+02 1.360000000000000000e+02
6.680000000000000000e+02 9.400000000000000000e+01
6.980000000000000000e+02 6.600000000000000000e+01
7.120000000000000000e+02 4.500000000000000000e+01
7.300000000000000000e+02 2.900000000000000000e+01
7.460000000000000000e+02 1.600000000000000000e+01
7.580000000000000000e+02 1.000000000000000000e+01
7.650000000000000000e+02 8.000000000000000000e+00
7.720000000000000000e+02 5.000000000000000000e+00
7.740000000000000000e+02 2.000000000000000000e+00
7.770000000000000000e+02 1.000000000000000000e+00
7.830000000000000000e+02 0.000000000000000000e+00
7.850000000000000000e+02 0.000000000000000000e+00
7.870000000000000000e+02 0.000000000000000000e+00
