4.600000000000000000e+01 4.230000000000000000e+03
7.700000000000000000e+01 3.383000000000000000e+03
9.600000000000000000e+01 2.722000000000000000e+03
1.210000000000000000e+02 2.227000000000000000e+03
1.480000000000000000e+02 1.795000000000000000e+03
1.890000000000000000e+02 1.420000000000000000e+03
2.500000000000000000e+02 1.146000000000000000e+03
3.120000000000000000e+02 9.550000000000000000e+02
3.580000000000000000e+02 7.930000000000000000e+02
3.970000000000000000e+02 6.780000000000000000e+02
4.360000000000000000e+02 5.660000000000000000e+02
4.640000000000000000e+02 4.830000000000000000e+02
4.840000000000000000e+02 4.280000000000000000e+02
5.080000000000000000e+02 3.510000000000000000e+02
5.300000000000000000e+02 2.930000000000000000e+02
5.550000000000000000e+02 2.420000000000000000e+02
5.780000000000000000e+02 2.090000000000000000e+02
5.980000000000000000e+02 1.670000000000000000e+02
6.150000000000000000e+02 1.400000000000000000e+02
