5.000000000000000000e+00 1.668000000000000000e+03
8.900000000000000000e+01 1.115000000000000000e+03
1.550000000000000000e+02 7.360000000000000000e+02
2.540000000000000000e+02 4.560000000000000000e+02
3.550000000000000000e+02 2.900000000000000000e+02
4.550000000000000000e+02 1.940000000000000000e+02
5.470000000000000000e+02 1.380000000000000000e+02
6.210000000000000000e+02 9.200000000000000000e+01
6.610000000000000000e+02 6.900000000000000000e+01
6.840000000000000000e+02 5.200000000000000000e+01
7.090000000000000000e+02 3.500000000000000000e+01
7.240000000000000000e+02 2.300000000000000000e+01
7.390000000000000000e+02 1.100000000000000000e+01
7.540000000000000000e+02 3.000000000000000000e+00
7.620000000000000000e+02 1.000000000000000000e+00
7.710000000000000000e+02 0.000000000000000000e+00
7.810000000000000000e+02 0.000000000000000000e+00
7.880000000000000000e+02 0.000000000000000000e+00
7.930000000000000000e+02 0.000000000000000000e+00
