1.000000000000000000e+00 1.100200000000000000e+04
4.000000000000000000e+01 5.474000000000000000e+03
1.370000000000000000e+02 2.638000000000000000e+03
3.620000000000000000e+02 1.201000000000000000e+03
5.840000000000000000e+02 6.580000000000000000e+02
6.800000000000000000e+02 4.540000000000000000e+02
7.110000000000000000e+02 3.200000000000000000e+02
7.240000000000000000e+02 2.150000000000000000e+02
7.340000000000000000e+02 1.490000000000000000e+02
7.400000000000000000e+02 8.300000000000000000e+01
7.570000000000000000e+02 3.800000000000000000e+01
7.680000000000000000e+02 2.000000000000000000e+01
7.800000000000000000e+02 7.000000000000000000e+00
7.900000000000000000e+02 1.000000000000000000e+00
7.980000000000000000e+02 0.000000000000000000e+00
8.090000000000000000e+02 0.000000000000000000e+00
8.110000000000000000e+02 0.000000000000000000e+00
8.140000000000000000e+02 0.000000000000000000e+00
8.170000000000000000e+02 0.000000000000000000e+00
