1.000000000000000000e+00 2.524400000000000000e+04
1.000000000000000000e+00 1.537700000000000000e+04
2.000000000000000000e+00 9.576000000000000000e+03
3.400000000000000000e+01 5.778000000000000000e+03
1.370000000000000000e+02 3.578000000000000000e+03
2.570000000000000000e+02 2.276000000000000000e+03
3.490000000000000000e+02 1.383000000000000000e+03
4.460000000000000000e+02 8.320000000000000000e+02
5.230000000000000000e+02 4.990000000000000000e+02
5.910000000000000000e+02 2.660000000000000000e+02
6.480000000000000000e+02 1.440000000000000000e+02
6.940000000000000000e+02 7.200000000000000000e+01
7.380000000000000000e+02 3.200000000000000000e+01
7.690000000000000000e+02 1.800000000000000000e+01
7.910000000000000000e+02 1.300000000000000000e+01
8.060000000000000000e+02 1.000000000000000000e+01
8.090000000000000000e+02 9.000000000000000000e+00
8.160000000000000000e+02 6.000000000000000000e+00
8.220000000000000000e+02 5.000000000000000000e+00
