1.000000000000000000e+00 2.513500000000000000e+04
2.600000000000000000e+01 1.500000000000000000e+04
8.400000000000000000e+01 8.572000000000000000e+03
1.200000000000000000e+02 4.628000000000000000e+03
2.140000000000000000e+02 2.312000000000000000e+03
3.290000000000000000e+02 1.127000000000000000e+03
4.460000000000000000e+02 5.160000000000000000e+02
5.510000000000000000e+02 2.350000000000000000e+02
6.440000000000000000e+02 9.500000000000000000e+01
7.110000000000000000e+02 4.500000000000000000e+01
7.460000000000000000e+02 1.600000000000000000e+01
7.680000000000000000e+02 7.000000000000000000e+00
7.920000000000000000e+02 3.000000000000000000e+00
8.080000000000000000e+02 0.000000000000000000e+00
8.240000000000000000e+02 0.000000000000000000e+00
8.260000000000000000e+02 0.000000000000000000e+00
8.370000000000000000e+02 0.000000000000000000e+00
8.400000000000000000e+02 0.000000000000000000e+00
8.420000000000000000e+02 0.000000000000000000e+00
