1.000000000000000000e+00 5.516000000000000000e+03
1.670000000000000000e+02 1.439000000000000000e+03
6.230000000000000000e+02 7.100000000000000000e+02
7.210000000000000000e+02 5.950000000000000000e+02
7.220000000000000000e+02 4.730000000000000000e+02
7.220000000000000000e+02 3.730000000000000000e+02
7.240000000000000000e+02 2.560000000000000000e+02
7.270000000000000000e+02 1.970000000000000000e+02
7.340000000000000000e+02 1.330000000000000000e+02
7.390000000000000000e+02 8.500000000000000000e+01
7.480000000000000000e+02 5.700000000000000000e+01
7.590000000000000000e+02 3.600000000000000000e+01
7.640000000000000000e+02 2.100000000000000000e+01
7.740000000000000000e+02 7.000000000000000000e+00
7.840000000000000000e+02 2.000000000000000000e+00
7.910000000000000000e+02 1.000000000000000000e+00
7.980000000000000000e+02 0.000000000000000000e+00
8.040000000000000000e+02 0.000000000000000000e+00
8.080000000000000000e+02 0.000000000000000000e+00
