1.000000000000000000e+00 1.467800000000000000e+04
1.000000000000000000e+00 7.009000000000000000e+03
4.900000000000000000e+01 3.432000000000000000e+03
2.330000000000000000e+02 1.661000000000000000e+03
4.260000000000000000e+02 8.550000000000000000e+02
5.480000000000000000e+02 4.550000000000000000e+02
6.320000000000000000e+02 2.520000000000000000e+02
6.980000000000000000e+02 1.180000000000000000e+02
7.400000000000000000e+02 5.900000000000000000e+01
7.670000000000000000e+02 2.500000000000000000e+01
7.820000000000000000e+02 1.000000000000000000e+01
7.970000000000000000e+02 3.000000000000000000e+00
8.090000000000000000e+02 2.000000000000000000e+00
8.140000000000000000e+02 1.000000000000000000e+00
8.160000000000000000e+02 1.000000000000000000e+00
8.180000000000000000e+02 1.000000000000000000e+00
8.190000000000000000e+02 0.000000000000000000e+00
8.220000000000000000e+02 0.000000000000000000e+00
8.230000000000000000e+02 0.000000000000000000e+00
