1.000000000000000000e+00 1.555600000000000000e+04
4.000000000000000000e+01 8.461000000000000000e+03
1.200000000000000000e+02 4.261000000000000000e+03
3.320000000000000000e+02 2.176000000000000000e+03
4.770000000000000000e+02 1.243000000000000000e+03
5.510000000000000000e+02 6.690000000000000000e+02
5.950000000000000000e+02 3.300000000000000000e+02
6.580000000000000000e+02 1.580000000000000000e+02
7.110000000000000000e+02 7.600000000000000000e+01
7.420000000000000000e+02 2.400000000000000000e+01
7.700000000000000000e+02 1.100000000000000000e+01
7.820000000000000000e+02 2.000000000000000000e+00
8.010000000000000000e+02 0.000000000000000000e+00
8.160000000000000000e+02 0.000000000000000000e+00
8.190000000000000000e+02 0.000000000000000000e+00
8.210000000000000000e+02 0.000000000000000000e+00
8.230000000000000000e+02 0.000000000000000000e+00
8.250000000000000000e+02 0.000000000000000000e+00
8.260000000000000000e+02 0.000000000000000000e+00
