1.000000000000000000e+00 1.829600000000000000e+04
7.300000000000000000e+01 1.367400000000000000e+04
7.600000000000000000e+01 1.020500000000000000e+04
8.400000000000000000e+01 7.432000000000000000e+03
9.900000000000000000e+01 5.220000000000000000e+03
1.260000000000000000e+02 3.619000000000000000e+03
1.810000000000000000e+02 2.433000000000000000e+03
2.520000000000000000e+02 1.569000000000000000e+03
3.240000000000000000e+02 1.034000000000000000e+03
4.060000000000000000e+02 6.710000000000000000e+02
4.890000000000000000e+02 4.270000000000000000e+02
5.490000000000000000e+02 2.760000000000000000e+02
5.940000000000000000e+02 1.900000000000000000e+02
6.390000000000000000e+02 1.180000000000000000e+02
6.690000000000000000e+02 7.400000000000000000e+01
6.970000000000000000e+02 4.700000000000000000e+01
7.270000000000000000e+02 2.300000000000000000e+01
7.510000000000000000e+02 7.000000000000000000e+00
7.680000000000000000e+02 2.000000000000000000e+00
