1.000000000000000000e+00 3.445000000000000000e+04
2.700000000000000000e+01 2.168600000000000000e+04
5.400000000000000000e+01 1.329400000000000000e+04
1.540000000000000000e+02 8.097000000000000000e+03
2.710000000000000000e+02 4.997000000000000000e+03
3.690000000000000000e+02 2.999000000000000000e+03
4.110000000000000000e+02 1.746000000000000000e+03
4.550000000000000000e+02 9.870000000000000000e+02
5.110000000000000000e+02 4.760000000000000000e+02
5.630000000000000000e+02 2.290000000000000000e+02
6.110000000000000000e+02 8.700000000000000000e+01
6.680000000000000000e+02 3.200000000000000000e+01
7.300000000000000000e+02 6.000000000000000000e+00
7.770000000000000000e+02 1.000000000000000000e+00
8.090000000000000000e+02 0.000000000000000000e+00
8.250000000000000000e+02 0.000000000000000000e+00
8.380000000000000000e+02 0.000000000000000000e+00
8.480000000000000000e+02 0.000000000000000000e+00
8.540000000000000000e+02 0.000000000000000000e+00
