1.000000000000000000e+00 1.963100000000000000e+04
1.000000000000000000e+00 1.064100000000000000e+04
6.200000000000000000e+01 5.460000000000000000e+03
2.040000000000000000e+02 2.870000000000000000e+03
3.450000000000000000e+02 1.474000000000000000e+03
4.790000000000000000e+02 7.640000000000000000e+02
5.850000000000000000e+02 3.690000000000000000e+02
6.570000000000000000e+02 1.760000000000000000e+02
7.050000000000000000e+02 6.700000000000000000e+01
7.520000000000000000e+02 2.400000000000000000e+01
7.850000000000000000e+02 8.000000000000000000e+00
8.090000000000000000e+02 0.000000000000000000e+00
8.180000000000000000e+02 0.000000000000000000e+00
8.220000000000000000e+02 0.000000000000000000e+00
8.280000000000000000e+02 0.000000000000000000e+00
8.340000000000000000e+02 0.000000000000000000e+00
8.340000000000000000e+02 0.000000000000000000e+00
8.340000000000000000e+02 0.000000000000000000e+00
8.340000000000000000e+02 0.000000000000000000e+00
