1.000000000000000000e+00 1.971300000000000000e+04
1.000000000000000000e+00 1.071900000000000000e+04
4.500000000000000000e+01 5.540000000000000000e+03
1.920000000000000000e+02 2.875000000000000000e+03
3.350000000000000000e+02 1.526000000000000000e+03
4.670000000000000000e+02 8.150000000000000000e+02
5.680000000000000000e+02 4.090000000000000000e+02
6.520000000000000000e+02 2.010000000000000000e+02
7.010000000000000000e+02 9.600000000000000000e+01
7.450000000000000000e+02 4.400000000000000000e+01
7.740000000000000000e+02 1.800000000000000000e+01
7.990000000000000000e+02 7.000000000000000000e+00
8.070000000000000000e+02 3.000000000000000000e+00
8.150000000000000000e+02 1.000000000000000000e+00
8.210000000000000000e+02 0.000000000000000000e+00
8.240000000000000000e+02 0.000000000000000000e+00
8.260000000000000000e+02 0.000000000000000000e+00
8.260000000000000000e+02 0.000000000000000000e+00
8.330000000000000000e+02 0.000000000000000000e+00
