1.000000000000000000e+00 2.414300000000000000e+04
1.000000000000000000e+00 1.374000000000000000e+04
4.000000000000000000e+00 7.937000000000000000e+03
6.800000000000000000e+01 4.372000000000000000e+03
1.980000000000000000e+02 2.533000000000000000e+03
3.300000000000000000e+02 1.410000000000000000e+03
4.410000000000000000e+02 7.810000000000000000e+02
5.430000000000000000e+02 4.140000000000000000e+02
6.210000000000000000e+02 2.220000000000000000e+02
6.870000000000000000e+02 1.000000000000000000e+02
7.300000000000000000e+02 3.900000000000000000e+01
7.690000000000000000e+02 1.900000000000000000e+01
7.970000000000000000e+02 1.300000000000000000e+01
8.070000000000000000e+02 1.100000000000000000e+01
8.140000000000000000e+02 8.000000000000000000e+00
8.170000000000000000e+02 6.000000000000000000e+00
8.230000000000000000e+02 3.000000000000000000e+00
8.250000000000000000e+02 0.000000000000000000e+00
8.310000000000000000e+02 0.000000000000000000e+00
