6.500000000000000000e+01 3.322000000000000000e+03
1.190000000000000000e+02 2.004000000000000000e+03
2.670000000000000000e+02 1.298000000000000000e+03
3.860000000000000000e+02 9.110000000000000000e+02
4.550000000000000000e+02 6.420000000000000000e+02
5.110000000000000000e+02 4.150000000000000000e+02
5.660000000000000000e+02 2.670000000000000000e+02
6.070000000000000000e+02 1.660000000000000000e+02
6.480000000000000000e+02 1.110000000000000000e+02
6.860000000000000000e+02 8.000000000000000000e+01
7.170000000000000000e+02 5.400000000000000000e+01
7.410000000000000000e+02 4.300000000000000000e+01
7.540000000000000000e+02 3.600000000000000000e+01
7.630000000000000000e+02 2.600000000000000000e+01
7.670000000000000000e+02 1.700000000000000000e+01
7.700000000000000000e+02 1.500000000000000000e+01
7.730000000000000000e+02 1.100000000000000000e+01
7.730000000000000000e+02 5.000000000000000000e+00
7.810000000000000000e+02 3.000000000000000000e+00
