1.000000000000000000e+00 1.285100000000000000e+04
7.000000000000000000e+00 4.638000000000000000e+03
2.150000000000000000e+02 1.550000000000000000e+03
5.180000000000000000e+02 6.240000000000000000e+02
6.560000000000000000e+02 3.510000000000000000e+02
7.320000000000000000e+02 2.270000000000000000e+02
7.610000000000000000e+02 1.460000000000000000e+02
7.690000000000000000e+02 9.500000000000000000e+01
7.790000000000000000e+02 5.200000000000000000e+01
7.850000000000000000e+02 2.400000000000000000e+01
7.920000000000000000e+02 8.000000000000000000e+00
7.960000000000000000e+02 3.000000000000000000e+00
8.070000000000000000e+02 0.000000000000000000e+00
8.140000000000000000e+02 0.000000000000000000e+00
8.170000000000000000e+02 0.000000000000000000e+00
8.240000000000000000e+02 0.000000000000000000e+00
8.250000000000000000e+02 0.000000000000000000e+00
8.260000000000000000e+02 0.000000000000000000e+00
8.260000000000000000e+02 0.000000000000000000e+00
