1.000000000000000000e+00 8.174000000000000000e+03
3.000000000000000000e+00 5.100000000000000000e+03
4.800000000000000000e+01 2.921000000000000000e+03
1.820000000000000000e+02 1.738000000000000000e+03
3.510000000000000000e+02 1.064000000000000000e+03
4.600000000000000000e+02 6.880000000000000000e+02
5.520000000000000000e+02 4.510000000000000000e+02
6.090000000000000000e+02 2.860000000000000000e+02
6.480000000000000000e+02 1.650000000000000000e+02
6.830000000000000000e+02 1.060000000000000000e+02
7.120000000000000000e+02 6.300000000000000000e+01
7.390000000000000000e+02 4.000000000000000000e+01
7.490000000000000000e+02 2.000000000000000000e+01
7.650000000000000000e+02 6.000000000000000000e+00
7.700000000000000000e+02 5.000000000000000000e+00
7.860000000000000000e+02 4.000000000000000000e+00
7.890000000000000000e+02 1.000000000000000000e+00
7.960000000000000000e+02 1.000000000000000000e+00
7.990000000000000000e+02 0.000000000000000000e+00
