1.000000000000000000e+00 1.241800000000000000e+04
1.000000000000000000e+00 7.571000000000000000e+03
9.000000000000000000e+00 4.644000000000000000e+03
9.300000000000000000e+01 2.784000000000000000e+03
2.370000000000000000e+02 1.700000000000000000e+03
3.890000000000000000e+02 1.104000000000000000e+03
5.050000000000000000e+02 7.500000000000000000e+02
5.680000000000000000e+02 5.010000000000000000e+02
6.260000000000000000e+02 3.250000000000000000e+02
6.560000000000000000e+02 1.920000000000000000e+02
6.930000000000000000e+02 1.080000000000000000e+02
7.250000000000000000e+02 6.300000000000000000e+01
7.470000000000000000e+02 3.600000000000000000e+01
7.650000000000000000e+02 1.900000000000000000e+01
7.790000000000000000e+02 8.000000000000000000e+00
7.850000000000000000e+02 4.000000000000000000e+00
7.970000000000000000e+02 3.000000000000000000e+00
8.000000000000000000e+02 2.000000000000000000e+00
8.060000000000000000e+02 1.000000000000000000e+00
