1.000000000000000000e+00 2.654200000000000000e+04
5.000000000000000000e+00 1.705200000000000000e+04
7.800000000000000000e+01 1.032700000000000000e+04
1.030000000000000000e+02 5.959000000000000000e+03
1.410000000000000000e+02 3.187000000000000000e+03
2.310000000000000000e+02 1.561000000000000000e+03
3.450000000000000000e+02 7.370000000000000000e+02
4.940000000000000000e+02 3.510000000000000000e+02
5.860000000000000000e+02 1.740000000000000000e+02
6.550000000000000000e+02 8.100000000000000000e+01
7.160000000000000000e+02 2.700000000000000000e+01
7.620000000000000000e+02 3.000000000000000000e+00
7.970000000000000000e+02 0.000000000000000000e+00
8.120000000000000000e+02 0.000000000000000000e+00
8.240000000000000000e+02 0.000000000000000000e+00
8.310000000000000000e+02 0.000000000000000000e+00
8.370000000000000000e+02 0.000000000000000000e+00
8.390000000000000000e+02 0.000000000000000000e+00
8.410000000000000000e+02 0.000000000000000000e+00
