1.000000000000000000e+00 1.979000000000000000e+04
3.000000000000000000e+00 1.093100000000000000e+04
1.100000000000000000e+02 5.907000000000000000e+03
2.480000000000000000e+02 3.243000000000000000e+03
3.600000000000000000e+02 1.721000000000000000e+03
4.790000000000000000e+02 9.280000000000000000e+02
5.680000000000000000e+02 4.970000000000000000e+02
6.340000000000000000e+02 2.600000000000000000e+02
6.920000000000000000e+02 1.330000000000000000e+02
7.310000000000000000e+02 5.000000000000000000e+01
7.680000000000000000e+02 2.100000000000000000e+01
7.970000000000000000e+02 1.200000000000000000e+01
8.080000000000000000e+02 1.000000000000000000e+00
8.180000000000000000e+02 0.000000000000000000e+00
8.240000000000000000e+02 0.000000000000000000e+00
8.260000000000000000e+02 0.000000000000000000e+00
8.280000000000000000e+02 0.000000000000000000e+00
8.310000000000000000e+02 0.000000000000000000e+00
8.340000000000000000e+02 0.000000000000000000e+00
