1.000000000000000000e+00 1.590800000000000000e+04
3.400000000000000000e+01 8.799000000000000000e+03
9.800000000000000000e+01 4.606000000000000000e+03
1.760000000000000000e+02 2.274000000000000000e+03
3.180000000000000000e+02 1.075000000000000000e+03
4.930000000000000000e+02 5.370000000000000000e+02
6.110000000000000000e+02 2.560000000000000000e+02
6.830000000000000000e+02 1.230000000000000000e+02
7.400000000000000000e+02 6.300000000000000000e+01
7.610000000000000000e+02 2.000000000000000000e+01
7.820000000000000000e+02 1.300000000000000000e+01
7.950000000000000000e+02 5.000000000000000000e+00
8.070000000000000000e+02 2.000000000000000000e+00
8.140000000000000000e+02 0.000000000000000000e+00
8.190000000000000000e+02 0.000000000000000000e+00
8.220000000000000000e+02 0.000000000000000000e+00
8.230000000000000000e+02 0.000000000000000000e+00
8.230000000000000000e+02 0.000000000000000000e+00
8.240000000000000000e+02 0.000000000000000000e+00
