3.700000000000000000e+01 7.052000000000000000e+03
7.000000000000000000e+01 5.931000000000000000e+03
7.200000000000000000e+01 5.020000000000000000e+03
7.600000000000000000e+01 4.192000000000000000e+03
8.700000000000000000e+01 3.459000000000000000e+03
9.600000000000000000e+01 2.858000000000000000e+03
1.190000000000000000e+02 2.383000000000000000e+03
1.650000000000000000e+02 1.977000000000000000e+03
2.210000000000000000e+02 1.651000000000000000e+03
2.830000000000000000e+02 1.396000000000000000e+03
3.220000000000000000e+02 1.174000000000000000e+03
3.630000000000000000e+02 1.011000000000000000e+03
3.950000000000000000e+02 8.390000000000000000e+02
4.230000000000000000e+02 6.920000000000000000e+02
4.550000000000000000e+02 5.520000000000000000e+02
4.820000000000000000e+02 4.490000000000000000e+02
5.080000000000000000e+02 3.700000000000000000e+02
5.290000000000000000e+02 3.130000000000000000e+02
5.470000000000000000e+02 2.630000000000000000e+02
