1.000000000000000000e+00 1.249400000000000000e+04
1.000000000000000000e+00 7.698000000000000000e+03
8.000000000000000000e+00 4.764000000000000000e+03
8.300000000000000000e+01 2.867000000000000000e+03
2.270000000000000000e+02 1.772000000000000000e+03
3.780000000000000000e+02 1.150000000000000000e+03
4.920000000000000000e+02 7.930000000000000000e+02
5.600000000000000000e+02 5.200000000000000000e+02
6.190000000000000000e+02 3.540000000000000000e+02
6.510000000000000000e+02 2.090000000000000000e+02
6.830000000000000000e+02 1.220000000000000000e+02
7.180000000000000000e+02 7.200000000000000000e+01
7.420000000000000000e+02 4.300000000000000000e+01
7.590000000000000000e+02 2.300000000000000000e+01
7.740000000000000000e+02 1.200000000000000000e+01
7.820000000000000000e+02 4.000000000000000000e+00
7.930000000000000000e+02 3.000000000000000000e+00
7.980000000000000000e+02 3.000000000000000000e+00
8.030000000000000000e+02 1.000000000000000000e+00
