1.000000000000000000e+00 1.220000000000000000e+04
1.000000000000000000e+00 7.187000000000000000e+03
1.700000000000000000e+01 4.323000000000000000e+03
1.220000000000000000e+02 2.538000000000000000e+03
2.770000000000000000e+02 1.561000000000000000e+03
4.380000000000000000e+02 1.049000000000000000e+03
5.350000000000000000e+02 7.060000000000000000e+02
6.000000000000000000e+02 4.720000000000000000e+02
6.340000000000000000e+02 2.910000000000000000e+02
6.670000000000000000e+02 1.650000000000000000e+02
7.080000000000000000e+02 8.700000000000000000e+01
7.350000000000000000e+02 4.800000000000000000e+01
7.580000000000000000e+02 2.200000000000000000e+01
7.750000000000000000e+02 1.200000000000000000e+01
7.870000000000000000e+02 2.000000000000000000e+00
7.990000000000000000e+02 2.000000000000000000e+00
8.030000000000000000e+02 1.000000000000000000e+00
8.090000000000000000e+02 0.000000000000000000e+00
8.100000000000000000e+02 0.000000000000000000e+00
