5.400000000000000000e+01 7.834000000000000000e+03
7.400000000000000000e+01 5.133000000000000000e+03
1.060000000000000000e+02 3.301000000000000000e+03
1.960000000000000000e+02 2.103000000000000000e+03
3.290000000000000000e+02 1.296000000000000000e+03
4.240000000000000000e+02 8.570000000000000000e+02
4.970000000000000000e+02 5.560000000000000000e+02
5.630000000000000000e+02 3.780000000000000000e+02
6.190000000000000000e+02 2.680000000000000000e+02
6.620000000000000000e+02 1.930000000000000000e+02
6.840000000000000000e+02 1.360000000000000000e+02
7.010000000000000000e+02 9.800000000000000000e+01
7.240000000000000000e+02 6.200000000000000000e+01
7.380000000000000000e+02 3.900000000000000000e+01
7.530000000000000000e+02 2.700000000000000000e+01
7.600000000000000000e+02 1.400000000000000000e+01
7.670000000000000000e+02 7.000000000000000000e+00
7.760000000000000000e+02 5.000000000000000000e+00
7.830000000000000000e+02 3.000000000000000000e+00
