1.000000000000000000e+00 3.700000000000000000e+03
1.700000000000000000e+01 2.140000000000000000e+03
8.300000000000000000e+01 1.264000000000000000e+03
2.010000000000000000e+02 7.180000000000000000e+02
3.430000000000000000e+02 4.170000000000000000e+02
4.710000000000000000e+02 2.520000000000000000e+02
5.530000000000000000e+02 1.360000000000000000e+02
6.250000000000000000e+02 8.300000000000000000e+01
6.700000000000000000e+02 4.900000000000000000e+01
7.020000000000000000e+02 3.200000000000000000e+01
7.290000000000000000e+02 2.200000000000000000e+01
7.490000000000000000e+02 1.500000000000000000e+01
7.650000000000000000e+02 1.100000000000000000e+01
7.720000000000000000e+02 5.000000000000000000e+00
7.840000000000000000e+02 3.000000000000000000e+00
7.880000000000000000e+02 0.000000000000000000e+00
7.910000000000000000e+02 0.000000000000000000e+00
7.990000000000000000e+02 0.000000000000000000e+00
7.990000000000000000e+02 0.000000000000000000e+00
