1.000000000000000000e+00 2.288200000000000000e+04
1.000000000000000000e+00 1.189500000000000000e+04
1.700000000000000000e+01 6.119000000000000000e+03
1.270000000000000000e+02 3.054000000000000000e+03
3.040000000000000000e+02 1.547000000000000000e+03
4.400000000000000000e+02 7.900000000000000000e+02
5.800000000000000000e+02 3.930000000000000000e+02
6.700000000000000000e+02 2.000000000000000000e+02
7.260000000000000000e+02 1.050000000000000000e+02
7.570000000000000000e+02 5.500000000000000000e+01
7.840000000000000000e+02 2.900000000000000000e+01
7.980000000000000000e+02 1.600000000000000000e+01
8.110000000000000000e+02 9.000000000000000000e+00
8.160000000000000000e+02 4.000000000000000000e+00
8.200000000000000000e+02 1.000000000000000000e+00
8.280000000000000000e+02 0.000000000000000000e+00
8.330000000000000000e+02 0.000000000000000000e+00
8.380000000000000000e+02 0.000000000000000000e+00
8.390000000000000000e+02 0.000000000000000000e+00
