1.000000000000000000e+00 5.787000000000000000e+03
4.600000000000000000e+01 3.413000000000000000e+03
1.450000000000000000e+02 1.873000000000000000e+03
3.030000000000000000e+02 1.020000000000000000e+03
4.600000000000000000e+02 5.670000000000000000e+02
5.670000000000000000e+02 3.350000000000000000e+02
6.430000000000000000e+02 2.100000000000000000e+02
6.700000000000000000e+02 1.220000000000000000e+02
7.110000000000000000e+02 7.400000000000000000e+01
7.430000000000000000e+02 4.300000000000000000e+01
7.550000000000000000e+02 2.400000000000000000e+01
7.710000000000000000e+02 1.500000000000000000e+01
7.810000000000000000e+02 2.000000000000000000e+00
7.850000000000000000e+02 0.000000000000000000e+00
7.910000000000000000e+02 0.000000000000000000e+00
7.960000000000000000e+02 0.000000000000000000e+00
8.000000000000000000e+02 0.000000000000000000e+00
8.030000000000000000e+02 0.000000000000000000e+00
8.040000000000000000e+02 0.000000000000000000e+00
