1.000000000000000000e+00 1.176600000000000000e+04
2.400000000000000000e+01 3.230000000000000000e+03
4.480000000000000000e+02 8.240000000000000000e+02
6.780000000000000000e+02 4.410000000000000000e+02
7.550000000000000000e+02 3.350000000000000000e+02
7.660000000000000000e+02 2.470000000000000000e+02
7.700000000000000000e+02 1.730000000000000000e+02
7.710000000000000000e+02 1.260000000000000000e+02
7.740000000000000000e+02 8.800000000000000000e+01
7.770000000000000000e+02 6.100000000000000000e+01
7.820000000000000000e+02 2.500000000000000000e+01
7.910000000000000000e+02 1.300000000000000000e+01
7.980000000000000000e+02 5.000000000000000000e+00
8.070000000000000000e+02 0.000000000000000000e+00
8.110000000000000000e+02 0.000000000000000000e+00
8.170000000000000000e+02 0.000000000000000000e+00
8.200000000000000000e+02 0.000000000000000000e+00
8.230000000000000000e+02 0.000000000000000000e+00
8.240000000000000000e+02 0.000000000000000000e+00
