1.000000000000000000e+00 6.455000000000000000e+03
4.400000000000000000e+01 4.494000000000000000e+03
8.100000000000000000e+01 3.112000000000000000e+03
1.230000000000000000e+02 1.974000000000000000e+03
2.200000000000000000e+02 1.175000000000000000e+03
3.290000000000000000e+02 6.920000000000000000e+02
4.360000000000000000e+02 3.890000000000000000e+02
5.350000000000000000e+02 2.240000000000000000e+02
6.080000000000000000e+02 1.270000000000000000e+02
6.590000000000000000e+02 7.100000000000000000e+01
7.060000000000000000e+02 4.100000000000000000e+01
7.340000000000000000e+02 2.400000000000000000e+01
7.460000000000000000e+02 9.000000000000000000e+00
7.650000000000000000e+02 4.000000000000000000e+00
7.730000000000000000e+02 1.000000000000000000e+00
7.890000000000000000e+02 0.000000000000000000e+00
7.970000000000000000e+02 0.000000000000000000e+00
8.000000000000000000e+02 0.000000000000000000e+00
8.030000000000000000e+02 0.000000000000000000e+00
