1.000000000000000000e+00 3.721000000000000000e+03
6.100000000000000000e+01 2.245000000000000000e+03
1.560000000000000000e+02 1.287000000000000000e+03
3.250000000000000000e+02 7.400000000000000000e+02
4.480000000000000000e+02 4.190000000000000000e+02
5.520000000000000000e+02 2.590000000000000000e+02
6.560000000000000000e+02 1.560000000000000000e+02
7.000000000000000000e+02 1.000000000000000000e+02
7.240000000000000000e+02 6.900000000000000000e+01
7.390000000000000000e+02 4.900000000000000000e+01
7.580000000000000000e+02 3.600000000000000000e+01
7.660000000000000000e+02 2.800000000000000000e+01
7.740000000000000000e+02 1.900000000000000000e+01
7.760000000000000000e+02 9.000000000000000000e+00
7.810000000000000000e+02 4.000000000000000000e+00
7.860000000000000000e+02 1.000000000000000000e+00
7.900000000000000000e+02 0.000000000000000000e+00
7.940000000000000000e+02 0.000000000000000000e+00
7.960000000000000000e+02 0.000000000000000000e+00
