1.000000000000000000e+00 1.244100000000000000e+04
2.000000000000000000e+00 7.446000000000000000e+03
2.600000000000000000e+01 4.494000000000000000e+03
1.310000000000000000e+02 2.718000000000000000e+03
2.610000000000000000e+02 1.689000000000000000e+03
4.030000000000000000e+02 1.073000000000000000e+03
5.090000000000000000e+02 7.360000000000000000e+02
5.860000000000000000e+02 4.760000000000000000e+02
6.290000000000000000e+02 2.950000000000000000e+02
6.640000000000000000e+02 1.720000000000000000e+02
6.940000000000000000e+02 8.500000000000000000e+01
7.270000000000000000e+02 4.000000000000000000e+01
7.550000000000000000e+02 1.700000000000000000e+01
7.750000000000000000e+02 9.000000000000000000e+00
7.900000000000000000e+02 4.000000000000000000e+00
8.030000000000000000e+02 0.000000000000000000e+00
8.090000000000000000e+02 0.000000000000000000e+00
8.110000000000000000e+02 0.000000000000000000e+00
8.110000000000000000e+02 0.000000000000000000e+00
