1.000000000000000000e+00 1.321900000000000000e+04
4.000000000000000000e+00 5.163000000000000000e+03
1.630000000000000000e+02 1.870000000000000000e+03
4.580000000000000000e+02 7.790000000000000000e+02
6.210000000000000000e+02 3.920000000000000000e+02
7.030000000000000000e+02 2.540000000000000000e+02
7.480000000000000000e+02 1.470000000000000000e+02
7.680000000000000000e+02 9.100000000000000000e+01
7.760000000000000000e+02 4.000000000000000000e+01
7.860000000000000000e+02 1.700000000000000000e+01
7.910000000000000000e+02 7.000000000000000000e+00
8.000000000000000000e+02 1.000000000000000000e+00
8.090000000000000000e+02 0.000000000000000000e+00
8.130000000000000000e+02 0.000000000000000000e+00
8.210000000000000000e+02 0.000000000000000000e+00
8.220000000000000000e+02 0.000000000000000000e+00
8.260000000000000000e+02 0.000000000000000000e+00
8.260000000000000000e+02 0.000000000000000000e+00
8.260000000000000000e+02 0.000000000000000000e+00
