1.000000000000000000e+00 1.428900000000000000e+04
1.000000000000000000e+00 1.051800000000000000e+04
1.000000000000000000e+00 6.930000000000000000e+03
7.000000000000000000e+00 4.018000000000000000e+03
4.600000000000000000e+01 2.284000000000000000e+03
1.610000000000000000e+02 1.201000000000000000e+03
3.450000000000000000e+02 6.180000000000000000e+02
4.850000000000000000e+02 2.970000000000000000e+02
5.950000000000000000e+02 1.320000000000000000e+02
6.770000000000000000e+02 4.400000000000000000e+01
7.360000000000000000e+02 9.000000000000000000e+00
7.720000000000000000e+02 0.000000000000000000e+00
7.890000000000000000e+02 0.000000000000000000e+00
8.020000000000000000e+02 0.000000000000000000e+00
8.140000000000000000e+02 0.000000000000000000e+00
8.150000000000000000e+02 0.000000000000000000e+00
8.160000000000000000e+02 0.000000000000000000e+00
8.180000000000000000e+02 0.000000000000000000e+00
8.180000000000000000e+02 0.000000000000000000e+00
