1.000000000000000000e+00 2.051300000000000000e+04
1.000000000000000000e+00 1.192500000000000000e+04
5.000000000000000000e+00 6.912000000000000000e+03
9.100000000000000000e+01 3.926000000000000000e+03
2.430000000000000000e+02 2.244000000000000000e+03
3.660000000000000000e+02 1.328000000000000000e+03
4.710000000000000000e+02 7.680000000000000000e+02
5.400000000000000000e+02 3.870000000000000000e+02
6.010000000000000000e+02 1.810000000000000000e+02
6.630000000000000000e+02 8.000000000000000000e+01
7.120000000000000000e+02 2.800000000000000000e+01
7.550000000000000000e+02 9.000000000000000000e+00
7.890000000000000000e+02 4.000000000000000000e+00
8.090000000000000000e+02 2.000000000000000000e+00
8.200000000000000000e+02 0.000000000000000000e+00
8.240000000000000000e+02 0.000000000000000000e+00
8.300000000000000000e+02 0.000000000000000000e+00
8.330000000000000000e+02 0.000000000000000000e+00
8.340000000000000000e+02 0.000000000000000000e+00
