1.000000000000000000e+00 3.426500000000000000e+04
7.800000000000000000e+01 2.351900000000000000e+04
8.900000000000000000e+01 1.592600000000000000e+04
1.030000000000000000e+02 1.042000000000000000e+04
1.240000000000000000e+02 6.710000000000000000e+03
1.630000000000000000e+02 4.144000000000000000e+03
2.320000000000000000e+02 2.608000000000000000e+03
3.070000000000000000e+02 1.623000000000000000e+03
4.020000000000000000e+02 1.021000000000000000e+03
4.640000000000000000e+02 6.020000000000000000e+02
5.280000000000000000e+02 3.520000000000000000e+02
5.920000000000000000e+02 1.840000000000000000e+02
6.330000000000000000e+02 1.000000000000000000e+02
6.840000000000000000e+02 3.600000000000000000e+01
7.070000000000000000e+02 7.000000000000000000e+00
7.450000000000000000e+02 0.000000000000000000e+00
7.780000000000000000e+02 0.000000000000000000e+00
7.970000000000000000e+02 0.000000000000000000e+00
8.130000000000000000e+02 0.000000000000000000e+00
