1.000000000000000000e+00 8.181000000000000000e+03
3.000000000000000000e+00 5.094000000000000000e+03
4.600000000000000000e+01 2.938000000000000000e+03
1.810000000000000000e+02 1.776000000000000000e+03
3.470000000000000000e+02 1.064000000000000000e+03
4.580000000000000000e+02 6.980000000000000000e+02
5.490000000000000000e+02 4.570000000000000000e+02
6.050000000000000000e+02 2.970000000000000000e+02
6.500000000000000000e+02 1.700000000000000000e+02
6.820000000000000000e+02 1.090000000000000000e+02
7.130000000000000000e+02 6.900000000000000000e+01
7.400000000000000000e+02 4.400000000000000000e+01
7.480000000000000000e+02 2.300000000000000000e+01
7.620000000000000000e+02 8.000000000000000000e+00
7.700000000000000000e+02 5.000000000000000000e+00
7.840000000000000000e+02 4.000000000000000000e+00
7.890000000000000000e+02 1.000000000000000000e+00
7.930000000000000000e+02 1.000000000000000000e+00
7.970000000000000000e+02 1.000000000000000000e+00
