1.000000000000000000e+00 2.015200000000000000e+04
1.100000000000000000e+01 1.201700000000000000e+04
2.280000000000000000e+02 8.217000000000000000e+03
3.420000000000000000e+02 5.670000000000000000e+03
3.640000000000000000e+02 3.621000000000000000e+03
3.690000000000000000e+02 2.124000000000000000e+03
4.110000000000000000e+02 1.224000000000000000e+03
4.920000000000000000e+02 6.490000000000000000e+02
5.830000000000000000e+02 3.550000000000000000e+02
6.350000000000000000e+02 1.890000000000000000e+02
7.020000000000000000e+02 7.500000000000000000e+01
7.490000000000000000e+02 3.200000000000000000e+01
7.850000000000000000e+02 8.000000000000000000e+00
8.080000000000000000e+02 2.000000000000000000e+00
8.190000000000000000e+02 0.000000000000000000e+00
8.290000000000000000e+02 0.000000000000000000e+00
8.310000000000000000e+02 0.000000000000000000e+00
8.320000000000000000e+02 0.000000000000000000e+00
8.330000000000000000e+02 0.000000000000000000e+00
