1.000000000000000000e+00 4.935400000000000000e+04
3.700000000000000000e+01 2.921000000000000000e+04
8.000000000000000000e+01 1.698500000000000000e+04
2.450000000000000000e+02 9.442000000000000000e+03
3.390000000000000000e+02 5.268000000000000000e+03
3.870000000000000000e+02 2.611000000000000000e+03
4.410000000000000000e+02 1.159000000000000000e+03
5.170000000000000000e+02 4.260000000000000000e+02
6.190000000000000000e+02 1.230000000000000000e+02
7.180000000000000000e+02 2.100000000000000000e+01
8.100000000000000000e+02 1.000000000000000000e+00
8.560000000000000000e+02 0.000000000000000000e+00
8.750000000000000000e+02 0.000000000000000000e+00
8.830000000000000000e+02 0.000000000000000000e+00
8.880000000000000000e+02 0.000000000000000000e+00
8.890000000000000000e+02 0.000000000000000000e+00
8.890000000000000000e+02 0.000000000000000000e+00
8.900000000000000000e+02 0.000000000000000000e+00
8.900000000000000000e+02 0.000000000000000000e+00
