2.000000000000000000e+00 3.689000000000000000e+03
6.100000000000000000e+01 2.247000000000000000e+03
1.920000000000000000e+02 1.397000000000000000e+03
3.140000000000000000e+02 8.920000000000000000e+02
3.760000000000000000e+02 5.670000000000000000e+02
4.390000000000000000e+02 3.460000000000000000e+02
5.070000000000000000e+02 2.040000000000000000e+02
5.720000000000000000e+02 1.060000000000000000e+02
6.340000000000000000e+02 5.800000000000000000e+01
6.910000000000000000e+02 3.200000000000000000e+01
7.380000000000000000e+02 1.700000000000000000e+01
7.660000000000000000e+02 9.000000000000000000e+00
7.780000000000000000e+02 1.000000000000000000e+00
7.860000000000000000e+02 1.000000000000000000e+00
7.930000000000000000e+02 0.000000000000000000e+00
7.960000000000000000e+02 0.000000000000000000e+00
7.980000000000000000e+02 0.000000000000000000e+00
7.990000000000000000e+02 0.000000000000000000e+00
8.020000000000000000e+02 0.000000000000000000e+00
