1.000000000000000000e+00 1.631500000000000000e+04
1.000000000000000000e+00 9.724000000000000000e+03
9.000000000000000000e+00 6.049000000000000000e+03
7.100000000000000000e+01 3.646000000000000000e+03
2.000000000000000000e+02 2.273000000000000000e+03
3.290000000000000000e+02 1.481000000000000000e+03
4.240000000000000000e+02 9.910000000000000000e+02
5.050000000000000000e+02 6.260000000000000000e+02
5.580000000000000000e+02 4.100000000000000000e+02
6.040000000000000000e+02 2.560000000000000000e+02
6.490000000000000000e+02 1.400000000000000000e+02
6.850000000000000000e+02 7.200000000000000000e+01
7.170000000000000000e+02 3.200000000000000000e+01
7.440000000000000000e+02 1.600000000000000000e+01
7.710000000000000000e+02 9.000000000000000000e+00
7.940000000000000000e+02 6.000000000000000000e+00
8.050000000000000000e+02 2.000000000000000000e+00
8.120000000000000000e+02 1.000000000000000000e+00
8.150000000000000000e+02 1.000000000000000000e+00
