4.600000000000000000e+01 1.736200000000000000e+04
7.500000000000000000e+01 1.256000000000000000e+04
8.200000000000000000e+01 9.019000000000000000e+03
9.300000000000000000e+01 6.337000000000000000e+03
1.310000000000000000e+02 4.456000000000000000e+03
2.060000000000000000e+02 3.135000000000000000e+03
2.820000000000000000e+02 2.265000000000000000e+03
3.620000000000000000e+02 1.669000000000000000e+03
4.230000000000000000e+02 1.225000000000000000e+03
4.870000000000000000e+02 9.180000000000000000e+02
5.420000000000000000e+02 6.470000000000000000e+02
5.760000000000000000e+02 4.780000000000000000e+02
6.080000000000000000e+02 3.410000000000000000e+02
6.300000000000000000e+02 2.380000000000000000e+02
6.480000000000000000e+02 1.510000000000000000e+02
6.670000000000000000e+02 9.900000000000000000e+01
6.870000000000000000e+02 6.100000000000000000e+01
6.980000000000000000e+02 3.900000000000000000e+01
7.180000000000000000e+02 2.600000000000000000e+01
