1.000000000000000000e+00 8.140000000000000000e+03
3.000000000000000000e+00 5.060000000000000000e+03
4.100000000000000000e+01 2.852000000000000000e+03
1.750000000000000000e+02 1.643000000000000000e+03
3.560000000000000000e+02 1.013000000000000000e+03
4.790000000000000000e+02 6.360000000000000000e+02
5.620000000000000000e+02 4.100000000000000000e+02
6.210000000000000000e+02 2.570000000000000000e+02
6.490000000000000000e+02 1.410000000000000000e+02
6.920000000000000000e+02 8.300000000000000000e+01
7.220000000000000000e+02 4.700000000000000000e+01
7.490000000000000000e+02 3.000000000000000000e+01
7.600000000000000000e+02 1.400000000000000000e+01
7.710000000000000000e+02 5.000000000000000000e+00
7.830000000000000000e+02 3.000000000000000000e+00
7.880000000000000000e+02 1.000000000000000000e+00
7.980000000000000000e+02 0.000000000000000000e+00
8.010000000000000000e+02 0.000000000000000000e+00
8.040000000000000000e+02 0.000000000000000000e+00
