1.000000000000000000e+00 5.086600000000000000e+04
2.600000000000000000e+01 3.050200000000000000e+04
8.900000000000000000e+01 1.724600000000000000e+04
1.110000000000000000e+02 9.554000000000000000e+03
1.790000000000000000e+02 5.222000000000000000e+03
2.870000000000000000e+02 2.687000000000000000e+03
3.690000000000000000e+02 1.325000000000000000e+03
4.630000000000000000e+02 6.260000000000000000e+02
5.560000000000000000e+02 2.850000000000000000e+02
6.340000000000000000e+02 1.230000000000000000e+02
7.010000000000000000e+02 3.100000000000000000e+01
7.620000000000000000e+02 7.000000000000000000e+00
8.130000000000000000e+02 1.000000000000000000e+00
8.480000000000000000e+02 0.000000000000000000e+00
8.700000000000000000e+02 0.000000000000000000e+00
8.780000000000000000e+02 0.000000000000000000e+00
8.850000000000000000e+02 0.000000000000000000e+00
8.870000000000000000e+02 0.000000000000000000e+00
8.880000000000000000e+02 0.000000000000000000e+00
