1.000000000000000000e+00 3.742000000000000000e+03
9.000000000000000000e+00 2.210000000000000000e+03
6.900000000000000000e+01 1.354000000000000000e+03
1.780000000000000000e+02 8.040000000000000000e+02
3.210000000000000000e+02 5.180000000000000000e+02
4.440000000000000000e+02 3.390000000000000000e+02
5.270000000000000000e+02 2.150000000000000000e+02
5.960000000000000000e+02 1.310000000000000000e+02
6.460000000000000000e+02 7.400000000000000000e+01
6.800000000000000000e+02 5.100000000000000000e+01
7.050000000000000000e+02 3.400000000000000000e+01
7.210000000000000000e+02 2.400000000000000000e+01
7.460000000000000000e+02 1.900000000000000000e+01
7.590000000000000000e+02 1.500000000000000000e+01
7.710000000000000000e+02 9.000000000000000000e+00
7.780000000000000000e+02 6.000000000000000000e+00
7.850000000000000000e+02 5.000000000000000000e+00
7.900000000000000000e+02 0.000000000000000000e+00
7.920000000000000000e+02 0.000000000000000000e+00
