2.000000000000000000e+01 8.577000000000000000e+03
7.000000000000000000e+01 6.406000000000000000e+03
7.400000000000000000e+01 4.852000000000000000e+03
1.070000000000000000e+02 3.629000000000000000e+03
1.530000000000000000e+02 2.626000000000000000e+03
2.110000000000000000e+02 1.865000000000000000e+03
2.750000000000000000e+02 1.293000000000000000e+03
3.640000000000000000e+02 9.150000000000000000e+02
4.440000000000000000e+02 6.330000000000000000e+02
5.070000000000000000e+02 4.360000000000000000e+02
5.520000000000000000e+02 2.920000000000000000e+02
5.870000000000000000e+02 2.080000000000000000e+02
6.260000000000000000e+02 1.530000000000000000e+02
6.550000000000000000e+02 1.040000000000000000e+02
6.840000000000000000e+02 6.100000000000000000e+01
7.090000000000000000e+02 3.300000000000000000e+01
7.240000000000000000e+02 2.100000000000000000e+01
7.390000000000000000e+02 1.200000000000000000e+01
7.550000000000000000e+02 7.000000000000000000e+00
