1.000000000000000000e+00 1.715000000000000000e+04
2.900000000000000000e+01 1.077200000000000000e+04
8.000000000000000000e+01 6.435000000000000000e+03
1.170000000000000000e+02 3.602000000000000000e+03
2.010000000000000000e+02 1.866000000000000000e+03
3.160000000000000000e+02 9.160000000000000000e+02
4.440000000000000000e+02 4.580000000000000000e+02
5.460000000000000000e+02 2.300000000000000000e+02
6.180000000000000000e+02 1.080000000000000000e+02
6.670000000000000000e+02 4.200000000000000000e+01
7.140000000000000000e+02 1.900000000000000000e+01
7.410000000000000000e+02 6.000000000000000000e+00
7.650000000000000000e+02 1.000000000000000000e+00
7.810000000000000000e+02 0.000000000000000000e+00
7.970000000000000000e+02 0.000000000000000000e+00
8.070000000000000000e+02 0.000000000000000000e+00
8.100000000000000000e+02 0.000000000000000000e+00
8.130000000000000000e+02 0.000000000000000000e+00
8.220000000000000000e+02 0.000000000000000000e+00
