1.000000000000000000e+00 3.786000000000000000e+03
7.000000000000000000e+00 2.286000000000000000e+03
6.200000000000000000e+01 1.418000000000000000e+03
1.740000000000000000e+02 8.660000000000000000e+02
3.070000000000000000e+02 5.650000000000000000e+02
4.250000000000000000e+02 3.700000000000000000e+02
5.160000000000000000e+02 2.460000000000000000e+02
5.790000000000000000e+02 1.630000000000000000e+02
6.220000000000000000e+02 1.000000000000000000e+02
6.650000000000000000e+02 6.600000000000000000e+01
6.880000000000000000e+02 4.500000000000000000e+01
7.190000000000000000e+02 3.200000000000000000e+01
7.300000000000000000e+02 2.000000000000000000e+01
7.470000000000000000e+02 1.900000000000000000e+01
7.640000000000000000e+02 1.100000000000000000e+01
7.710000000000000000e+02 7.000000000000000000e+00
7.820000000000000000e+02 6.000000000000000000e+00
7.860000000000000000e+02 2.000000000000000000e+00
7.900000000000000000e+02 0.000000000000000000e+00
