1.000000000000000000e+00 2.051400000000000000e+04
1.000000000000000000e+00 1.234000000000000000e+04
8.000000000000000000e+00 7.432000000000000000e+03
8.600000000000000000e+01 4.415000000000000000e+03
2.260000000000000000e+02 2.698000000000000000e+03
3.320000000000000000e+02 1.748000000000000000e+03
4.410000000000000000e+02 1.097000000000000000e+03
5.030000000000000000e+02 6.470000000000000000e+02
5.570000000000000000e+02 3.570000000000000000e+02
6.150000000000000000e+02 1.740000000000000000e+02
6.690000000000000000e+02 8.400000000000000000e+01
7.090000000000000000e+02 3.700000000000000000e+01
7.370000000000000000e+02 1.300000000000000000e+01
7.660000000000000000e+02 6.000000000000000000e+00
7.940000000000000000e+02 5.000000000000000000e+00
8.070000000000000000e+02 2.000000000000000000e+00
8.150000000000000000e+02 0.000000000000000000e+00
8.230000000000000000e+02 0.000000000000000000e+00
8.280000000000000000e+02 0.000000000000000000e+00
