3.000000000000000000e+00 3.993000000000000000e+03
7.200000000000000000e+01 2.669000000000000000e+03
9.600000000000000000e+01 1.743000000000000000e+03
1.800000000000000000e+02 1.049000000000000000e+03
2.790000000000000000e+02 6.280000000000000000e+02
4.040000000000000000e+02 3.780000000000000000e+02
5.050000000000000000e+02 2.300000000000000000e+02
5.820000000000000000e+02 1.310000000000000000e+02
6.370000000000000000e+02 7.900000000000000000e+01
6.940000000000000000e+02 4.500000000000000000e+01
7.230000000000000000e+02 3.500000000000000000e+01
7.430000000000000000e+02 1.900000000000000000e+01
7.550000000000000000e+02 8.000000000000000000e+00
7.700000000000000000e+02 1.000000000000000000e+00
7.820000000000000000e+02 0.000000000000000000e+00
7.880000000000000000e+02 0.000000000000000000e+00
7.930000000000000000e+02 0.000000000000000000e+00
7.950000000000000000e+02 0.000000000000000000e+00
7.990000000000000000e+02 0.000000000000000000e+00
