1.000000000000000000e+00 2.550400000000000000e+04
6.000000000000000000e+01 1.537900000000000000e+04
8.300000000000000000e+01 9.096000000000000000e+03
1.120000000000000000e+02 4.961000000000000000e+03
1.740000000000000000e+02 2.544000000000000000e+03
2.730000000000000000e+02 1.163000000000000000e+03
3.910000000000000000e+02 5.030000000000000000e+02
5.270000000000000000e+02 2.180000000000000000e+02
6.190000000000000000e+02 9.300000000000000000e+01
6.890000000000000000e+02 3.700000000000000000e+01
7.420000000000000000e+02 2.000000000000000000e+01
7.720000000000000000e+02 5.000000000000000000e+00
7.950000000000000000e+02 3.000000000000000000e+00
8.110000000000000000e+02 0.000000000000000000e+00
8.190000000000000000e+02 0.000000000000000000e+00
8.270000000000000000e+02 0.000000000000000000e+00
8.330000000000000000e+02 0.000000000000000000e+00
8.350000000000000000e+02 0.000000000000000000e+00
8.410000000000000000e+02 0.000000000000000000e+00
