3.000000000000000000e+00 5.760000000000000000e+03
7.200000000000000000e+01 3.539000000000000000e+03
1.030000000000000000e+02 2.230000000000000000e+03
1.780000000000000000e+02 1.321000000000000000e+03
2.900000000000000000e+02 7.670000000000000000e+02
4.190000000000000000e+02 4.320000000000000000e+02
5.310000000000000000e+02 2.440000000000000000e+02
6.010000000000000000e+02 1.410000000000000000e+02
6.530000000000000000e+02 7.400000000000000000e+01
7.050000000000000000e+02 3.700000000000000000e+01
7.350000000000000000e+02 2.600000000000000000e+01
7.460000000000000000e+02 1.800000000000000000e+01
7.580000000000000000e+02 7.000000000000000000e+00
7.700000000000000000e+02 3.000000000000000000e+00
7.800000000000000000e+02 1.000000000000000000e+00
7.860000000000000000e+02 0.000000000000000000e+00
7.900000000000000000e+02 0.000000000000000000e+00
7.950000000000000000e+02 0.000000000000000000e+00
7.990000000000000000e+02 0.000000000000000000e+00
