1.000000000000000000e+00 1.628300000000000000e+04
1.000000000000000000e+00 9.705000000000000000e+03
1.000000000000000000e+01 6.024000000000000000e+03
6.900000000000000000e+01 3.642000000000000000e+03
1.980000000000000000e+02 2.275000000000000000e+03
3.340000000000000000e+02 1.492000000000000000e+03
4.280000000000000000e+02 9.920000000000000000e+02
5.090000000000000000e+02 6.370000000000000000e+02
5.570000000000000000e+02 4.120000000000000000e+02
6.050000000000000000e+02 2.640000000000000000e+02
6.480000000000000000e+02 1.400000000000000000e+02
6.880000000000000000e+02 7.600000000000000000e+01
7.130000000000000000e+02 3.700000000000000000e+01
7.430000000000000000e+02 1.700000000000000000e+01
7.700000000000000000e+02 1.000000000000000000e+01
7.900000000000000000e+02 8.000000000000000000e+00
8.020000000000000000e+02 3.000000000000000000e+00
8.100000000000000000e+02 1.000000000000000000e+00
8.150000000000000000e+02 1.000000000000000000e+00
