1.000000000000000000e+00 8.061000000000000000e+03
2.000000000000000000e+00 4.924000000000000000e+03
4.600000000000000000e+01 2.749000000000000000e+03
2.070000000000000000e+02 1.547000000000000000e+03
3.730000000000000000e+02 9.440000000000000000e+02
4.960000000000000000e+02 5.880000000000000000e+02
5.730000000000000000e+02 3.390000000000000000e+02
6.220000000000000000e+02 2.070000000000000000e+02
6.680000000000000000e+02 1.190000000000000000e+02
7.010000000000000000e+02 5.900000000000000000e+01
7.350000000000000000e+02 2.300000000000000000e+01
7.610000000000000000e+02 1.100000000000000000e+01
7.750000000000000000e+02 4.000000000000000000e+00
7.870000000000000000e+02 2.000000000000000000e+00
7.940000000000000000e+02 0.000000000000000000e+00
8.000000000000000000e+02 0.000000000000000000e+00
8.030000000000000000e+02 0.000000000000000000e+00
8.040000000000000000e+02 0.000000000000000000e+00
8.080000000000000000e+02 0.000000000000000000e+00
