5.300000000000000000e+01 1.713000000000000000e+03
1.310000000000000000e+02 1.308000000000000000e+03
1.940000000000000000e+02 1.016000000000000000e+03
2.300000000000000000e+02 8.210000000000000000e+02
2.770000000000000000e+02 6.210000000000000000e+02
3.450000000000000000e+02 5.110000000000000000e+02
3.920000000000000000e+02 3.920000000000000000e+02
4.500000000000000000e+02 3.280000000000000000e+02
4.820000000000000000e+02 2.750000000000000000e+02
5.190000000000000000e+02 2.310000000000000000e+02
5.500000000000000000e+02 1.870000000000000000e+02
5.780000000000000000e+02 1.550000000000000000e+02
6.030000000000000000e+02 1.290000000000000000e+02
6.180000000000000000e+02 1.010000000000000000e+02
6.440000000000000000e+02 8.000000000000000000e+01
6.560000000000000000e+02 7.000000000000000000e+01
6.700000000000000000e+02 5.600000000000000000e+01
6.840000000000000000e+02 4.600000000000000000e+01
6.890000000000000000e+02 4.000000000000000000e+01
