1.000000000000000000e+00 1.667900000000000000e+04
1.000000000000000000e+00 9.967000000000000000e+03
9.000000000000000000e+00 6.182000000000000000e+03
5.900000000000000000e+01 3.769000000000000000e+03
1.750000000000000000e+02 2.311000000000000000e+03
3.080000000000000000e+02 1.499000000000000000e+03
4.110000000000000000e+02 9.620000000000000000e+02
5.010000000000000000e+02 6.100000000000000000e+02
5.640000000000000000e+02 3.780000000000000000e+02
6.090000000000000000e+02 2.300000000000000000e+02
6.450000000000000000e+02 1.170000000000000000e+02
6.880000000000000000e+02 5.800000000000000000e+01
7.270000000000000000e+02 2.000000000000000000e+01
7.530000000000000000e+02 1.000000000000000000e+01
7.870000000000000000e+02 4.000000000000000000e+00
8.030000000000000000e+02 2.000000000000000000e+00
8.090000000000000000e+02 1.000000000000000000e+00
8.140000000000000000e+02 1.000000000000000000e+00
8.170000000000000000e+02 1.000000000000000000e+00
