1.000000000000000000e+00 7.939000000000000000e+03
3.300000000000000000e+01 4.911000000000000000e+03
2.080000000000000000e+02 3.383000000000000000e+03
3.090000000000000000e+02 2.369000000000000000e+03
3.560000000000000000e+02 1.590000000000000000e+03
3.960000000000000000e+02 1.032000000000000000e+03
4.440000000000000000e+02 6.270000000000000000e+02
5.080000000000000000e+02 3.500000000000000000e+02
5.820000000000000000e+02 2.150000000000000000e+02
6.340000000000000000e+02 1.100000000000000000e+02
6.830000000000000000e+02 5.000000000000000000e+01
7.160000000000000000e+02 2.800000000000000000e+01
7.520000000000000000e+02 1.100000000000000000e+01
7.680000000000000000e+02 3.000000000000000000e+00
7.860000000000000000e+02 2.000000000000000000e+00
7.950000000000000000e+02 1.000000000000000000e+00
8.010000000000000000e+02 0.000000000000000000e+00
8.080000000000000000e+02 0.000000000000000000e+00
8.090000000000000000e+02 0.000000000000000000e+00
