1.000000000000000000e+00 6.282400000000000000e+04
2.800000000000000000e+01 3.313500000000000000e+04
9.000000000000000000e+01 1.589500000000000000e+04
1.690000000000000000e+02 7.526000000000000000e+03
2.890000000000000000e+02 3.548000000000000000e+03
4.030000000000000000e+02 1.620000000000000000e+03
4.950000000000000000e+02 6.870000000000000000e+02
6.150000000000000000e+02 2.820000000000000000e+02
7.120000000000000000e+02 1.240000000000000000e+02
7.670000000000000000e+02 5.600000000000000000e+01
8.190000000000000000e+02 1.400000000000000000e+01
8.460000000000000000e+02 4.000000000000000000e+00
8.790000000000000000e+02 0.000000000000000000e+00
8.940000000000000000e+02 0.000000000000000000e+00
8.990000000000000000e+02 0.000000000000000000e+00
9.090000000000000000e+02 0.000000000000000000e+00
9.140000000000000000e+02 0.000000000000000000e+00
9.180000000000000000e+02 0.000000000000000000e+00
9.210000000000000000e+02 0.000000000000000000e+00
