1.000000000000000000e+00 2.974100000000000000e+04
1.000000000000000000e+00 2.234800000000000000e+04
1.000000000000000000e+00 1.570300000000000000e+04
1.000000000000000000e+00 1.008000000000000000e+04
8.000000000000000000e+00 6.105000000000000000e+03
4.300000000000000000e+01 3.570000000000000000e+03
1.400000000000000000e+02 1.967000000000000000e+03
2.900000000000000000e+02 1.096000000000000000e+03
4.090000000000000000e+02 5.630000000000000000e+02
5.510000000000000000e+02 2.690000000000000000e+02
6.270000000000000000e+02 1.290000000000000000e+02
6.890000000000000000e+02 4.800000000000000000e+01
7.480000000000000000e+02 1.100000000000000000e+01
7.870000000000000000e+02 1.000000000000000000e+00
8.240000000000000000e+02 0.000000000000000000e+00
8.350000000000000000e+02 0.000000000000000000e+00
8.400000000000000000e+02 0.000000000000000000e+00
8.410000000000000000e+02 0.000000000000000000e+00
8.420000000000000000e+02 0.000000000000000000e+00
