1.000000000000000000e+00 2.512800000000000000e+04
1.000000000000000000e+00 1.522100000000000000e+04
2.000000000000000000e+00 9.465000000000000000e+03
3.200000000000000000e+01 5.666000000000000000e+03
1.390000000000000000e+02 3.475000000000000000e+03
2.600000000000000000e+02 2.202000000000000000e+03
3.540000000000000000e+02 1.333000000000000000e+03
4.610000000000000000e+02 8.060000000000000000e+02
5.290000000000000000e+02 4.680000000000000000e+02
5.980000000000000000e+02 2.570000000000000000e+02
6.520000000000000000e+02 1.390000000000000000e+02
7.020000000000000000e+02 6.500000000000000000e+01
7.430000000000000000e+02 2.700000000000000000e+01
7.750000000000000000e+02 1.600000000000000000e+01
7.970000000000000000e+02 1.300000000000000000e+01
8.060000000000000000e+02 1.000000000000000000e+01
8.090000000000000000e+02 8.000000000000000000e+00
8.160000000000000000e+02 6.000000000000000000e+00
8.220000000000000000e+02 5.000000000000000000e+00
