1.000000000000000000e+00 2.554400000000000000e+04
2.800000000000000000e+01 1.541600000000000000e+04
8.700000000000000000e+01 8.955000000000000000e+03
1.130000000000000000e+02 4.807000000000000000e+03
1.760000000000000000e+02 2.433000000000000000e+03
2.910000000000000000e+02 1.203000000000000000e+03
4.230000000000000000e+02 5.730000000000000000e+02
5.310000000000000000e+02 2.760000000000000000e+02
6.200000000000000000e+02 1.410000000000000000e+02
6.780000000000000000e+02 7.400000000000000000e+01
7.200000000000000000e+02 3.200000000000000000e+01
7.510000000000000000e+02 8.000000000000000000e+00
7.820000000000000000e+02 0.000000000000000000e+00
8.060000000000000000e+02 0.000000000000000000e+00
8.190000000000000000e+02 0.000000000000000000e+00
8.270000000000000000e+02 0.000000000000000000e+00
8.330000000000000000e+02 0.000000000000000000e+00
8.360000000000000000e+02 0.000000000000000000e+00
8.380000000000000000e+02 0.000000000000000000e+00
