1.000000000000000000e+00 1.604300000000000000e+04
3.000000000000000000e+01 8.993000000000000000e+03
1.180000000000000000e+02 4.553000000000000000e+03
2.020000000000000000e+02 2.182000000000000000e+03
3.540000000000000000e+02 1.035000000000000000e+03
4.900000000000000000e+02 4.850000000000000000e+02
5.920000000000000000e+02 2.270000000000000000e+02
6.670000000000000000e+02 1.280000000000000000e+02
7.190000000000000000e+02 6.900000000000000000e+01
7.490000000000000000e+02 2.500000000000000000e+01
7.680000000000000000e+02 9.000000000000000000e+00
7.830000000000000000e+02 1.000000000000000000e+00
8.040000000000000000e+02 0.000000000000000000e+00
8.120000000000000000e+02 0.000000000000000000e+00
8.140000000000000000e+02 0.000000000000000000e+00
8.160000000000000000e+02 0.000000000000000000e+00
8.210000000000000000e+02 0.000000000000000000e+00
8.240000000000000000e+02 0.000000000000000000e+00
8.250000000000000000e+02 0.000000000000000000e+00
