1.000000000000000000e+00 1.967600000000000000e+04
2.000000000000000000e+00 1.069100000000000000e+04
7.400000000000000000e+01 5.499000000000000000e+03
2.230000000000000000e+02 2.900000000000000000e+03
3.590000000000000000e+02 1.523000000000000000e+03
4.920000000000000000e+02 8.090000000000000000e+02
5.860000000000000000e+02 4.140000000000000000e+02
6.580000000000000000e+02 2.100000000000000000e+02
7.030000000000000000e+02 1.000000000000000000e+02
7.430000000000000000e+02 4.100000000000000000e+01
7.770000000000000000e+02 1.700000000000000000e+01
7.990000000000000000e+02 8.000000000000000000e+00
8.100000000000000000e+02 1.000000000000000000e+00
8.180000000000000000e+02 1.000000000000000000e+00
8.230000000000000000e+02 0.000000000000000000e+00
8.250000000000000000e+02 0.000000000000000000e+00
8.280000000000000000e+02 0.000000000000000000e+00
8.290000000000000000e+02 0.000000000000000000e+00
8.300000000000000000e+02 0.000000000000000000e+00
