1.000000000000000000e+00 2.319500000000000000e+04
1.000000000000000000e+00 1.227900000000000000e+04
9.000000000000000000e+00 6.504000000000000000e+03
1.100000000000000000e+02 3.330000000000000000e+03
2.900000000000000000e+02 1.735000000000000000e+03
4.120000000000000000e+02 8.910000000000000000e+02
5.410000000000000000e+02 4.500000000000000000e+02
6.480000000000000000e+02 2.360000000000000000e+02
7.070000000000000000e+02 1.100000000000000000e+02
7.440000000000000000e+02 6.000000000000000000e+01
7.790000000000000000e+02 3.000000000000000000e+01
7.990000000000000000e+02 1.500000000000000000e+01
8.080000000000000000e+02 1.100000000000000000e+01
8.160000000000000000e+02 7.000000000000000000e+00
8.190000000000000000e+02 3.000000000000000000e+00
8.270000000000000000e+02 0.000000000000000000e+00
8.310000000000000000e+02 0.000000000000000000e+00
8.340000000000000000e+02 0.000000000000000000e+00
8.380000000000000000e+02 0.000000000000000000e+00
