1.000000000000000000e+00 1.250800000000000000e+04
7.000000000000000000e+00 4.104000000000000000e+03
2.790000000000000000e+02 1.224000000000000000e+03
5.720000000000000000e+02 5.270000000000000000e+02
6.980000000000000000e+02 3.360000000000000000e+02
7.600000000000000000e+02 2.450000000000000000e+02
7.650000000000000000e+02 1.670000000000000000e+02
7.690000000000000000e+02 1.250000000000000000e+02
7.760000000000000000e+02 7.600000000000000000e+01
7.800000000000000000e+02 4.100000000000000000e+01
7.880000000000000000e+02 1.700000000000000000e+01
7.930000000000000000e+02 6.000000000000000000e+00
8.030000000000000000e+02 2.000000000000000000e+00
8.080000000000000000e+02 0.000000000000000000e+00
8.140000000000000000e+02 0.000000000000000000e+00
8.170000000000000000e+02 0.000000000000000000e+00
8.210000000000000000e+02 0.000000000000000000e+00
8.230000000000000000e+02 0.000000000000000000e+00
8.230000000000000000e+02 0.000000000000000000e+00
