1.000000000000000000e+00 8.024000000000000000e+03
5.000000000000000000e+00 4.843000000000000000e+03
8.800000000000000000e+01 2.840000000000000000e+03
2.410000000000000000e+02 1.682000000000000000e+03
3.630000000000000000e+02 9.840000000000000000e+02
4.750000000000000000e+02 5.870000000000000000e+02
5.500000000000000000e+02 3.480000000000000000e+02
6.220000000000000000e+02 2.010000000000000000e+02
6.680000000000000000e+02 1.090000000000000000e+02
7.060000000000000000e+02 5.800000000000000000e+01
7.410000000000000000e+02 2.100000000000000000e+01
7.650000000000000000e+02 6.000000000000000000e+00
7.800000000000000000e+02 3.000000000000000000e+00
7.950000000000000000e+02 1.000000000000000000e+00
7.990000000000000000e+02 0.000000000000000000e+00
8.020000000000000000e+02 0.000000000000000000e+00
8.040000000000000000e+02 0.000000000000000000e+00
8.070000000000000000e+02 0.000000000000000000e+00
8.090000000000000000e+02 0.000000000000000000e+00
