1.000000000000000000e+00 8.543000000000000000e+03
7.000000000000000000e+01 6.088000000000000000e+03
7.900000000000000000e+01 4.220000000000000000e+03
1.090000000000000000e+02 2.833000000000000000e+03
1.700000000000000000e+02 1.809000000000000000e+03
2.650000000000000000e+02 1.144000000000000000e+03
3.730000000000000000e+02 7.080000000000000000e+02
4.560000000000000000e+02 4.390000000000000000e+02
5.390000000000000000e+02 2.920000000000000000e+02
5.900000000000000000e+02 1.920000000000000000e+02
6.420000000000000000e+02 1.150000000000000000e+02
6.770000000000000000e+02 7.600000000000000000e+01
7.060000000000000000e+02 4.100000000000000000e+01
7.260000000000000000e+02 1.900000000000000000e+01
7.450000000000000000e+02 6.000000000000000000e+00
7.700000000000000000e+02 1.000000000000000000e+00
7.840000000000000000e+02 0.000000000000000000e+00
7.890000000000000000e+02 0.000000000000000000e+00
7.930000000000000000e+02 0.000000000000000000e+00
