1.000000000000000000e+00 2.228900000000000000e+04
1.000000000000000000e+00 1.100700000000000000e+04
2.400000000000000000e+01 5.321000000000000000e+03
1.650000000000000000e+02 2.547000000000000000e+03
3.540000000000000000e+02 1.229000000000000000e+03
5.150000000000000000e+02 6.050000000000000000e+02
6.350000000000000000e+02 3.170000000000000000e+02
7.110000000000000000e+02 1.740000000000000000e+02
7.530000000000000000e+02 1.020000000000000000e+02
7.730000000000000000e+02 6.400000000000000000e+01
7.890000000000000000e+02 3.300000000000000000e+01
7.970000000000000000e+02 1.800000000000000000e+01
8.050000000000000000e+02 4.000000000000000000e+00
8.170000000000000000e+02 2.000000000000000000e+00
8.250000000000000000e+02 0.000000000000000000e+00
8.310000000000000000e+02 0.000000000000000000e+00
8.350000000000000000e+02 0.000000000000000000e+00
8.390000000000000000e+02 0.000000000000000000e+00
8.400000000000000000e+02 0.000000000000000000e+00
