1.000000000000000000e+00 4.870900000000000000e+04
7.800000000000000000e+01 3.000600000000000000e+04
9.300000000000000000e+01 1.788800000000000000e+04
1.110000000000000000e+02 1.016300000000000000e+04
1.410000000000000000e+02 5.494000000000000000e+03
1.990000000000000000e+02 2.875000000000000000e+03
3.030000000000000000e+02 1.434000000000000000e+03
4.190000000000000000e+02 7.230000000000000000e+02
5.170000000000000000e+02 3.390000000000000000e+02
6.060000000000000000e+02 1.570000000000000000e+02
6.820000000000000000e+02 8.300000000000000000e+01
7.410000000000000000e+02 4.500000000000000000e+01
7.770000000000000000e+02 2.800000000000000000e+01
7.990000000000000000e+02 1.900000000000000000e+01
8.150000000000000000e+02 7.000000000000000000e+00
8.330000000000000000e+02 2.000000000000000000e+00
8.480000000000000000e+02 0.000000000000000000e+00
8.610000000000000000e+02 0.000000000000000000e+00
8.660000000000000000e+02 0.000000000000000000e+00
