1.000000000000000000e+00 1.194500000000000000e+04
3.300000000000000000e+01 6.803000000000000000e+03
8.200000000000000000e+01 3.446000000000000000e+03
2.390000000000000000e+02 1.704000000000000000e+03
4.050000000000000000e+02 8.720000000000000000e+02
5.420000000000000000e+02 4.720000000000000000e+02
6.300000000000000000e+02 2.530000000000000000e+02
6.900000000000000000e+02 1.360000000000000000e+02
7.330000000000000000e+02 7.100000000000000000e+01
7.540000000000000000e+02 4.200000000000000000e+01
7.680000000000000000e+02 1.600000000000000000e+01
7.790000000000000000e+02 3.000000000000000000e+00
7.920000000000000000e+02 0.000000000000000000e+00
8.050000000000000000e+02 0.000000000000000000e+00
8.100000000000000000e+02 0.000000000000000000e+00
8.140000000000000000e+02 0.000000000000000000e+00
8.150000000000000000e+02 0.000000000000000000e+00
8.170000000000000000e+02 0.000000000000000000e+00
8.170000000000000000e+02 0.000000000000000000e+00
