1.000000000000000000e+00 1.520600000000000000e+04
1.000000000000000000e+00 7.888000000000000000e+03
3.600000000000000000e+01 4.173000000000000000e+03
1.730000000000000000e+02 2.193000000000000000e+03
3.500000000000000000e+02 1.249000000000000000e+03
4.790000000000000000e+02 7.010000000000000000e+02
5.580000000000000000e+02 3.910000000000000000e+02
6.350000000000000000e+02 2.190000000000000000e+02
6.900000000000000000e+02 1.020000000000000000e+02
7.320000000000000000e+02 4.500000000000000000e+01
7.610000000000000000e+02 1.700000000000000000e+01
7.860000000000000000e+02 1.100000000000000000e+01
8.010000000000000000e+02 3.000000000000000000e+00
8.060000000000000000e+02 2.000000000000000000e+00
8.150000000000000000e+02 1.000000000000000000e+00
8.160000000000000000e+02 1.000000000000000000e+00
8.170000000000000000e+02 1.000000000000000000e+00
8.180000000000000000e+02 1.000000000000000000e+00
8.200000000000000000e+02 1.000000000000000000e+00
