1.000000000000000000e+00 3.531100000000000000e+04
3.100000000000000000e+01 2.369400000000000000e+04
8.700000000000000000e+01 1.602200000000000000e+04
1.680000000000000000e+02 1.034600000000000000e+04
2.810000000000000000e+02 6.558000000000000000e+03
3.150000000000000000e+02 4.141000000000000000e+03
3.460000000000000000e+02 2.500000000000000000e+03
3.880000000000000000e+02 1.391000000000000000e+03
4.450000000000000000e+02 6.970000000000000000e+02
5.250000000000000000e+02 3.170000000000000000e+02
6.010000000000000000e+02 1.250000000000000000e+02
6.860000000000000000e+02 5.500000000000000000e+01
7.480000000000000000e+02 2.000000000000000000e+01
7.910000000000000000e+02 4.000000000000000000e+00
8.140000000000000000e+02 1.000000000000000000e+00
8.340000000000000000e+02 0.000000000000000000e+00
8.500000000000000000e+02 0.000000000000000000e+00
8.530000000000000000e+02 0.000000000000000000e+00
8.560000000000000000e+02 0.000000000000000000e+00
