1.000000000000000000e+00 7.950000000000000000e+03
2.000000000000000000e+01 4.775000000000000000e+03
1.550000000000000000e+02 2.882000000000000000e+03
2.840000000000000000e+02 1.827000000000000000e+03
3.540000000000000000e+02 1.096000000000000000e+03
4.460000000000000000e+02 6.400000000000000000e+02
5.370000000000000000e+02 3.640000000000000000e+02
5.980000000000000000e+02 2.030000000000000000e+02
6.560000000000000000e+02 1.200000000000000000e+02
7.030000000000000000e+02 6.000000000000000000e+01
7.310000000000000000e+02 2.000000000000000000e+01
7.600000000000000000e+02 6.000000000000000000e+00
7.780000000000000000e+02 2.000000000000000000e+00
7.930000000000000000e+02 0.000000000000000000e+00
7.990000000000000000e+02 0.000000000000000000e+00
8.040000000000000000e+02 0.000000000000000000e+00
8.060000000000000000e+02 0.000000000000000000e+00
8.090000000000000000e+02 0.000000000000000000e+00
8.100000000000000000e+02 0.000000000000000000e+00
