1.000000000000000000e+00 2.518800000000000000e+04
2.700000000000000000e+01 1.541900000000000000e+04
6.100000000000000000e+01 9.167000000000000000e+03
1.960000000000000000e+02 5.361000000000000000e+03
3.290000000000000000e+02 3.389000000000000000e+03
4.290000000000000000e+02 2.201000000000000000e+03
4.830000000000000000e+02 1.339000000000000000e+03
5.260000000000000000e+02 7.850000000000000000e+02
5.640000000000000000e+02 4.070000000000000000e+02
6.010000000000000000e+02 1.970000000000000000e+02
6.430000000000000000e+02 7.200000000000000000e+01
6.930000000000000000e+02 2.500000000000000000e+01
7.380000000000000000e+02 5.000000000000000000e+00
7.780000000000000000e+02 3.000000000000000000e+00
7.970000000000000000e+02 1.000000000000000000e+00
8.140000000000000000e+02 0.000000000000000000e+00
8.320000000000000000e+02 0.000000000000000000e+00
8.350000000000000000e+02 0.000000000000000000e+00
8.390000000000000000e+02 0.000000000000000000e+00
