4.600000000000000000e+01 1.270100000000000000e+04
7.400000000000000000e+01 9.148000000000000000e+03
7.700000000000000000e+01 6.573000000000000000e+03
1.010000000000000000e+02 4.648000000000000000e+03
1.750000000000000000e+02 3.263000000000000000e+03
2.470000000000000000e+02 2.312000000000000000e+03
3.210000000000000000e+02 1.644000000000000000e+03
3.910000000000000000e+02 1.192000000000000000e+03
4.580000000000000000e+02 8.470000000000000000e+02
5.160000000000000000e+02 6.280000000000000000e+02
5.620000000000000000e+02 4.650000000000000000e+02
5.920000000000000000e+02 3.190000000000000000e+02
6.150000000000000000e+02 2.150000000000000000e+02
6.450000000000000000e+02 1.400000000000000000e+02
6.700000000000000000e+02 7.900000000000000000e+01
6.880000000000000000e+02 4.600000000000000000e+01
7.090000000000000000e+02 2.000000000000000000e+01
7.300000000000000000e+02 1.300000000000000000e+01
7.520000000000000000e+02 2.000000000000000000e+00
