1.000000000000000000e+00 3.386600000000000000e+04
2.900000000000000000e+01 2.043800000000000000e+04
9.500000000000000000e+01 1.151400000000000000e+04
1.530000000000000000e+02 6.520000000000000000e+03
2.750000000000000000e+02 3.518000000000000000e+03
3.690000000000000000e+02 1.878000000000000000e+03
4.340000000000000000e+02 9.560000000000000000e+02
5.030000000000000000e+02 4.290000000000000000e+02
5.760000000000000000e+02 1.910000000000000000e+02
6.460000000000000000e+02 7.500000000000000000e+01
7.210000000000000000e+02 1.400000000000000000e+01
7.740000000000000000e+02 1.000000000000000000e+00
8.030000000000000000e+02 0.000000000000000000e+00
8.240000000000000000e+02 0.000000000000000000e+00
8.410000000000000000e+02 0.000000000000000000e+00
8.540000000000000000e+02 0.000000000000000000e+00
8.550000000000000000e+02 0.000000000000000000e+00
8.570000000000000000e+02 0.000000000000000000e+00
8.580000000000000000e+02 0.000000000000000000e+00
