1.000000000000000000e+00 9.374000000000000000e+03
1.100000000000000000e+01 6.821000000000000000e+03
7.700000000000000000e+01 4.781000000000000000e+03
9.300000000000000000e+01 3.312000000000000000e+03
1.270000000000000000e+02 2.133000000000000000e+03
1.970000000000000000e+02 1.310000000000000000e+03
2.900000000000000000e+02 7.880000000000000000e+02
3.870000000000000000e+02 4.690000000000000000e+02
4.830000000000000000e+02 2.820000000000000000e+02
5.730000000000000000e+02 1.750000000000000000e+02
6.400000000000000000e+02 9.300000000000000000e+01
6.880000000000000000e+02 4.900000000000000000e+01
7.160000000000000000e+02 1.900000000000000000e+01
7.470000000000000000e+02 1.100000000000000000e+01
7.610000000000000000e+02 5.000000000000000000e+00
7.790000000000000000e+02 2.000000000000000000e+00
7.870000000000000000e+02 0.000000000000000000e+00
7.950000000000000000e+02 0.000000000000000000e+00
8.030000000000000000e+02 0.000000000000000000e+00
