2.000000000000000000e+00 6.068000000000000000e+03
7.100000000000000000e+01 3.905000000000000000e+03
8.900000000000000000e+01 2.516000000000000000e+03
1.550000000000000000e+02 1.516000000000000000e+03
2.620000000000000000e+02 8.820000000000000000e+02
3.890000000000000000e+02 4.830000000000000000e+02
5.220000000000000000e+02 2.940000000000000000e+02
6.140000000000000000e+02 1.740000000000000000e+02
6.670000000000000000e+02 1.090000000000000000e+02
7.040000000000000000e+02 6.800000000000000000e+01
7.250000000000000000e+02 4.500000000000000000e+01
7.450000000000000000e+02 2.200000000000000000e+01
7.670000000000000000e+02 7.000000000000000000e+00
7.750000000000000000e+02 2.000000000000000000e+00
7.860000000000000000e+02 0.000000000000000000e+00
7.890000000000000000e+02 0.000000000000000000e+00
7.930000000000000000e+02 0.000000000000000000e+00
7.960000000000000000e+02 0.000000000000000000e+00
8.000000000000000000e+02 0.000000000000000000e+00
