1.000000000000000000e+00 2.360900000000000000e+04
3.100000000000000000e+01 1.386500000000000000e+04
3.430000000000000000e+02 1.031400000000000000e+04
4.210000000000000000e+02 7.961000000000000000e+03
4.230000000000000000e+02 5.934000000000000000e+03
4.230000000000000000e+02 4.074000000000000000e+03
4.250000000000000000e+02 2.623000000000000000e+03
4.370000000000000000e+02 1.618000000000000000e+03
4.640000000000000000e+02 9.400000000000000000e+02
5.280000000000000000e+02 5.040000000000000000e+02
6.000000000000000000e+02 2.630000000000000000e+02
6.570000000000000000e+02 1.260000000000000000e+02
7.070000000000000000e+02 5.200000000000000000e+01
7.530000000000000000e+02 2.000000000000000000e+01
7.790000000000000000e+02 4.000000000000000000e+00
8.100000000000000000e+02 2.000000000000000000e+00
8.230000000000000000e+02 1.000000000000000000e+00
8.320000000000000000e+02 0.000000000000000000e+00
8.390000000000000000e+02 0.000000000000000000e+00
