1.000000000000000000e+00 5.939000000000000000e+03
7.100000000000000000e+01 1.851000000000000000e+03
4.250000000000000000e+02 4.810000000000000000e+02
6.530000000000000000e+02 1.980000000000000000e+02
7.520000000000000000e+02 1.210000000000000000e+02
7.760000000000000000e+02 9.100000000000000000e+01
7.780000000000000000e+02 7.400000000000000000e+01
7.790000000000000000e+02 5.400000000000000000e+01
7.800000000000000000e+02 3.700000000000000000e+01
7.820000000000000000e+02 2.100000000000000000e+01
7.860000000000000000e+02 1.100000000000000000e+01
7.920000000000000000e+02 2.000000000000000000e+00
7.960000000000000000e+02 0.000000000000000000e+00
7.980000000000000000e+02 0.000000000000000000e+00
8.030000000000000000e+02 0.000000000000000000e+00
8.050000000000000000e+02 0.000000000000000000e+00
8.050000000000000000e+02 0.000000000000000000e+00
8.080000000000000000e+02 0.000000000000000000e+00
8.100000000000000000e+02 0.000000000000000000e+00
