1.000000000000000000e+00 3.770000000000000000e+03
8.000000000000000000e+00 2.286000000000000000e+03
6.700000000000000000e+01 1.458000000000000000e+03
1.740000000000000000e+02 9.140000000000000000e+02
2.950000000000000000e+02 6.000000000000000000e+02
4.090000000000000000e+02 4.090000000000000000e+02
4.970000000000000000e+02 2.660000000000000000e+02
5.720000000000000000e+02 1.810000000000000000e+02
6.140000000000000000e+02 1.200000000000000000e+02
6.570000000000000000e+02 7.600000000000000000e+01
6.820000000000000000e+02 5.500000000000000000e+01
7.110000000000000000e+02 3.700000000000000000e+01
7.240000000000000000e+02 2.500000000000000000e+01
7.370000000000000000e+02 1.800000000000000000e+01
7.560000000000000000e+02 1.000000000000000000e+01
7.690000000000000000e+02 6.000000000000000000e+00
7.770000000000000000e+02 5.000000000000000000e+00
7.820000000000000000e+02 3.000000000000000000e+00
7.880000000000000000e+02 0.000000000000000000e+00
