1.000000000000000000e+00 5.168900000000000000e+04
7.700000000000000000e+01 3.373900000000000000e+04
8.400000000000000000e+01 2.198700000000000000e+04
9.800000000000000000e+01 1.338500000000000000e+04
1.190000000000000000e+02 7.861000000000000000e+03
1.420000000000000000e+02 4.394000000000000000e+03
1.920000000000000000e+02 2.349000000000000000e+03
2.800000000000000000e+02 1.156000000000000000e+03
3.710000000000000000e+02 5.430000000000000000e+02
4.760000000000000000e+02 2.590000000000000000e+02
5.700000000000000000e+02 1.170000000000000000e+02
6.600000000000000000e+02 5.100000000000000000e+01
7.170000000000000000e+02 2.300000000000000000e+01
7.620000000000000000e+02 9.000000000000000000e+00
7.990000000000000000e+02 4.000000000000000000e+00
8.290000000000000000e+02 2.000000000000000000e+00
8.490000000000000000e+02 2.000000000000000000e+00
8.590000000000000000e+02 1.000000000000000000e+00
8.660000000000000000e+02 1.000000000000000000e+00
