1.000000000000000000e+00 1.312700000000000000e+04
1.000000000000000000e+00 8.498000000000000000e+03
6.000000000000000000e+00 5.032000000000000000e+03
4.900000000000000000e+01 2.959000000000000000e+03
1.710000000000000000e+02 1.729000000000000000e+03
3.270000000000000000e+02 1.030000000000000000e+03
4.700000000000000000e+02 6.190000000000000000e+02
5.690000000000000000e+02 3.360000000000000000e+02
6.410000000000000000e+02 1.650000000000000000e+02
6.890000000000000000e+02 8.400000000000000000e+01
7.310000000000000000e+02 4.500000000000000000e+01
7.560000000000000000e+02 1.200000000000000000e+01
7.790000000000000000e+02 4.000000000000000000e+00
7.930000000000000000e+02 1.000000000000000000e+00
8.040000000000000000e+02 0.000000000000000000e+00
8.080000000000000000e+02 0.000000000000000000e+00
8.110000000000000000e+02 0.000000000000000000e+00
8.130000000000000000e+02 0.000000000000000000e+00
8.150000000000000000e+02 0.000000000000000000e+00
