1.000000000000000000e+00 8.242000000000000000e+03
3.800000000000000000e+01 5.115000000000000000e+03
1.030000000000000000e+02 2.991000000000000000e+03
1.900000000000000000e+02 1.672000000000000000e+03
3.180000000000000000e+02 8.850000000000000000e+02
4.340000000000000000e+02 5.010000000000000000e+02
5.380000000000000000e+02 2.650000000000000000e+02
6.320000000000000000e+02 1.380000000000000000e+02
7.030000000000000000e+02 8.800000000000000000e+01
7.350000000000000000e+02 4.500000000000000000e+01
7.580000000000000000e+02 3.300000000000000000e+01
7.700000000000000000e+02 1.000000000000000000e+01
7.840000000000000000e+02 4.000000000000000000e+00
7.900000000000000000e+02 0.000000000000000000e+00
7.940000000000000000e+02 0.000000000000000000e+00
8.000000000000000000e+02 0.000000000000000000e+00
8.050000000000000000e+02 0.000000000000000000e+00
8.080000000000000000e+02 0.000000000000000000e+00
8.090000000000000000e+02 0.000000000000000000e+00
