1.000000000000000000e+00 1.373700000000000000e+04
7.000000000000000000e+01 1.041800000000000000e+04
7.200000000000000000e+01 7.805000000000000000e+03
7.900000000000000000e+01 5.748000000000000000e+03
9.100000000000000000e+01 4.094000000000000000e+03
1.340000000000000000e+02 2.849000000000000000e+03
1.890000000000000000e+02 1.938000000000000000e+03
2.630000000000000000e+02 1.320000000000000000e+03
3.380000000000000000e+02 8.800000000000000000e+02
4.160000000000000000e+02 5.560000000000000000e+02
4.720000000000000000e+02 3.410000000000000000e+02
5.400000000000000000e+02 2.070000000000000000e+02
5.980000000000000000e+02 1.320000000000000000e+02
6.370000000000000000e+02 8.000000000000000000e+01
6.690000000000000000e+02 3.600000000000000000e+01
7.080000000000000000e+02 1.900000000000000000e+01
7.350000000000000000e+02 4.000000000000000000e+00
7.580000000000000000e+02 0.000000000000000000e+00
7.750000000000000000e+02 0.000000000000000000e+00
