1.000000000000000000e+00 8.056000000000000000e+03
2.000000000000000000e+00 4.854000000000000000e+03
5.200000000000000000e+01 2.746000000000000000e+03
2.150000000000000000e+02 1.546000000000000000e+03
3.790000000000000000e+02 9.250000000000000000e+02
4.980000000000000000e+02 5.540000000000000000e+02
5.730000000000000000e+02 3.200000000000000000e+02
6.280000000000000000e+02 2.020000000000000000e+02
6.700000000000000000e+02 1.030000000000000000e+02
7.090000000000000000e+02 4.700000000000000000e+01
7.430000000000000000e+02 2.200000000000000000e+01
7.670000000000000000e+02 8.000000000000000000e+00
7.810000000000000000e+02 3.000000000000000000e+00
7.930000000000000000e+02 0.000000000000000000e+00
7.970000000000000000e+02 0.000000000000000000e+00
8.010000000000000000e+02 0.000000000000000000e+00
8.030000000000000000e+02 0.000000000000000000e+00
8.060000000000000000e+02 0.000000000000000000e+00
8.100000000000000000e+02 0.000000000000000000e+00
