1.000000000000000000e+00 1.341400000000000000e+04
1.000000000000000000e+00 8.906000000000000000e+03
4.000000000000000000e+00 5.160000000000000000e+03
3.700000000000000000e+01 2.888000000000000000e+03
1.480000000000000000e+02 1.586000000000000000e+03
3.310000000000000000e+02 8.290000000000000000e+02
4.820000000000000000e+02 4.240000000000000000e+02
5.920000000000000000e+02 1.940000000000000000e+02
6.740000000000000000e+02 8.500000000000000000e+01
7.200000000000000000e+02 3.300000000000000000e+01
7.640000000000000000e+02 7.000000000000000000e+00
7.800000000000000000e+02 1.000000000000000000e+00
7.940000000000000000e+02 0.000000000000000000e+00
8.090000000000000000e+02 0.000000000000000000e+00
8.100000000000000000e+02 0.000000000000000000e+00
8.140000000000000000e+02 0.000000000000000000e+00
8.160000000000000000e+02 0.000000000000000000e+00
8.160000000000000000e+02 0.000000000000000000e+00
8.170000000000000000e+02 0.000000000000000000e+00
