1.000000000000000000e+00 3.416200000000000000e+04
7.100000000000000000e+01 2.050100000000000000e+04
8.400000000000000000e+01 1.212000000000000000e+04
9.800000000000000000e+01 6.533000000000000000e+03
1.400000000000000000e+02 3.256000000000000000e+03
2.210000000000000000e+02 1.499000000000000000e+03
3.420000000000000000e+02 6.650000000000000000e+02
4.770000000000000000e+02 2.630000000000000000e+02
5.730000000000000000e+02 1.020000000000000000e+02
6.510000000000000000e+02 4.500000000000000000e+01
7.160000000000000000e+02 1.500000000000000000e+01
7.650000000000000000e+02 7.000000000000000000e+00
7.990000000000000000e+02 0.000000000000000000e+00
8.220000000000000000e+02 0.000000000000000000e+00
8.320000000000000000e+02 0.000000000000000000e+00
8.370000000000000000e+02 0.000000000000000000e+00
8.480000000000000000e+02 0.000000000000000000e+00
8.510000000000000000e+02 0.000000000000000000e+00
8.550000000000000000e+02 0.000000000000000000e+00
