1.000000000000000000e+00 3.264900000000000000e+04
7.000000000000000000e+01 1.815100000000000000e+04
8.800000000000000000e+01 9.964000000000000000e+03
1.170000000000000000e+02 5.041000000000000000e+03
1.650000000000000000e+02 2.297000000000000000e+03
2.940000000000000000e+02 9.690000000000000000e+02
4.310000000000000000e+02 3.620000000000000000e+02
5.640000000000000000e+02 1.380000000000000000e+02
6.650000000000000000e+02 5.100000000000000000e+01
7.320000000000000000e+02 1.600000000000000000e+01
7.760000000000000000e+02 6.000000000000000000e+00
8.090000000000000000e+02 2.000000000000000000e+00
8.300000000000000000e+02 0.000000000000000000e+00
8.410000000000000000e+02 0.000000000000000000e+00
8.440000000000000000e+02 0.000000000000000000e+00
8.500000000000000000e+02 0.000000000000000000e+00
8.530000000000000000e+02 0.000000000000000000e+00
8.540000000000000000e+02 0.000000000000000000e+00
8.540000000000000000e+02 0.000000000000000000e+00
