4.400000000000000000e+01 1.320100000000000000e+04
7.300000000000000000e+01 9.651000000000000000e+03
7.700000000000000000e+01 7.078000000000000000e+03
8.900000000000000000e+01 5.094000000000000000e+03
1.300000000000000000e+02 3.610000000000000000e+03
1.880000000000000000e+02 2.510000000000000000e+03
2.550000000000000000e+02 1.700000000000000000e+03
3.420000000000000000e+02 1.167000000000000000e+03
4.110000000000000000e+02 8.060000000000000000e+02
4.780000000000000000e+02 5.230000000000000000e+02
5.350000000000000000e+02 3.480000000000000000e+02
5.860000000000000000e+02 2.250000000000000000e+02
6.210000000000000000e+02 1.380000000000000000e+02
6.630000000000000000e+02 7.600000000000000000e+01
6.860000000000000000e+02 4.100000000000000000e+01
7.080000000000000000e+02 2.300000000000000000e+01
7.400000000000000000e+02 1.100000000000000000e+01
7.580000000000000000e+02 4.000000000000000000e+00
7.780000000000000000e+02 1.000000000000000000e+00
