1.000000000000000000e+00 4.771400000000000000e+04
3.500000000000000000e+01 2.511100000000000000e+04
9.200000000000000000e+01 1.240000000000000000e+04
1.190000000000000000e+02 5.753000000000000000e+03
2.020000000000000000e+02 2.493000000000000000e+03
3.350000000000000000e+02 1.063000000000000000e+03
4.810000000000000000e+02 3.910000000000000000e+02
6.320000000000000000e+02 1.570000000000000000e+02
7.140000000000000000e+02 6.200000000000000000e+01
7.700000000000000000e+02 2.000000000000000000e+01
8.080000000000000000e+02 8.000000000000000000e+00
8.320000000000000000e+02 1.000000000000000000e+00
8.570000000000000000e+02 0.000000000000000000e+00
8.720000000000000000e+02 0.000000000000000000e+00
8.790000000000000000e+02 0.000000000000000000e+00
8.810000000000000000e+02 0.000000000000000000e+00
8.840000000000000000e+02 0.000000000000000000e+00
8.880000000000000000e+02 0.000000000000000000e+00
8.890000000000000000e+02 0.000000000000000000e+00
