1.000000000000000000e+00 1.195300000000000000e+04
2.000000000000000000e+00 6.839000000000000000e+03
2.900000000000000000e+01 3.989000000000000000e+03
1.570000000000000000e+02 2.266000000000000000e+03
3.260000000000000000e+02 1.424000000000000000e+03
4.710000000000000000e+02 9.470000000000000000e+02
5.630000000000000000e+02 6.480000000000000000e+02
6.190000000000000000e+02 4.190000000000000000e+02
6.520000000000000000e+02 2.560000000000000000e+02
6.860000000000000000e+02 1.400000000000000000e+02
7.190000000000000000e+02 7.600000000000000000e+01
7.460000000000000000e+02 3.400000000000000000e+01
7.660000000000000000e+02 1.400000000000000000e+01
7.820000000000000000e+02 8.000000000000000000e+00
7.960000000000000000e+02 3.000000000000000000e+00
8.060000000000000000e+02 0.000000000000000000e+00
8.090000000000000000e+02 0.000000000000000000e+00
8.110000000000000000e+02 0.000000000000000000e+00
8.120000000000000000e+02 0.000000000000000000e+00
