4.500000000000000000e+01 2.656200000000000000e+04
7.500000000000000000e+01 1.944500000000000000e+04
8.400000000000000000e+01 1.402300000000000000e+04
9.400000000000000000e+01 9.820000000000000000e+03
1.110000000000000000e+02 6.639000000000000000e+03
1.450000000000000000e+02 4.524000000000000000e+03
1.950000000000000000e+02 3.048000000000000000e+03
2.640000000000000000e+02 1.998000000000000000e+03
3.410000000000000000e+02 1.270000000000000000e+03
3.930000000000000000e+02 8.000000000000000000e+02
4.560000000000000000e+02 4.880000000000000000e+02
5.130000000000000000e+02 2.750000000000000000e+02
5.640000000000000000e+02 1.470000000000000000e+02
6.160000000000000000e+02 7.400000000000000000e+01
6.540000000000000000e+02 4.000000000000000000e+01
6.980000000000000000e+02 1.500000000000000000e+01
7.310000000000000000e+02 4.000000000000000000e+00
7.640000000000000000e+02 3.000000000000000000e+00
7.760000000000000000e+02 1.000000000000000000e+00
