1.000000000000000000e+00 3.295500000000000000e+04
2.800000000000000000e+01 1.923700000000000000e+04
6.000000000000000000e+01 1.080100000000000000e+04
2.120000000000000000e+02 5.961000000000000000e+03
3.640000000000000000e+02 3.647000000000000000e+03
4.860000000000000000e+02 2.298000000000000000e+03
5.440000000000000000e+02 1.394000000000000000e+03
5.710000000000000000e+02 7.790000000000000000e+02
6.010000000000000000e+02 4.130000000000000000e+02
6.440000000000000000e+02 1.740000000000000000e+02
6.880000000000000000e+02 7.100000000000000000e+01
7.250000000000000000e+02 2.100000000000000000e+01
7.710000000000000000e+02 3.000000000000000000e+00
8.040000000000000000e+02 0.000000000000000000e+00
8.240000000000000000e+02 0.000000000000000000e+00
8.350000000000000000e+02 0.000000000000000000e+00
8.490000000000000000e+02 0.000000000000000000e+00
8.520000000000000000e+02 0.000000000000000000e+00
8.560000000000000000e+02 0.000000000000000000e+00
