1.000000000000000000e+00 8.155000000000000000e+03
2.000000000000000000e+00 5.075000000000000000e+03
4.200000000000000000e+01 2.883000000000000000e+03
1.790000000000000000e+02 1.705000000000000000e+03
3.530000000000000000e+02 1.044000000000000000e+03
4.640000000000000000e+02 6.590000000000000000e+02
5.570000000000000000e+02 4.320000000000000000e+02
6.190000000000000000e+02 2.800000000000000000e+02
6.510000000000000000e+02 1.550000000000000000e+02
6.870000000000000000e+02 9.800000000000000000e+01
7.140000000000000000e+02 5.700000000000000000e+01
7.420000000000000000e+02 3.500000000000000000e+01
7.560000000000000000e+02 1.600000000000000000e+01
7.670000000000000000e+02 6.000000000000000000e+00
7.770000000000000000e+02 4.000000000000000000e+00
7.860000000000000000e+02 2.000000000000000000e+00
7.910000000000000000e+02 1.000000000000000000e+00
7.980000000000000000e+02 0.000000000000000000e+00
8.020000000000000000e+02 0.000000000000000000e+00
