1.000000000000000000e+00 2.901400000000000000e+04
1.000000000000000000e+00 2.103300000000000000e+04
1.000000000000000000e+00 1.406900000000000000e+04
1.000000000000000000e+00 8.789000000000000000e+03
1.400000000000000000e+01 5.344000000000000000e+03
7.500000000000000000e+01 3.053000000000000000e+03
1.950000000000000000e+02 1.733000000000000000e+03
3.330000000000000000e+02 9.660000000000000000e+02
4.540000000000000000e+02 4.860000000000000000e+02
5.690000000000000000e+02 2.400000000000000000e+02
6.460000000000000000e+02 1.220000000000000000e+02
7.040000000000000000e+02 3.900000000000000000e+01
7.420000000000000000e+02 1.000000000000000000e+01
7.950000000000000000e+02 1.000000000000000000e+00
8.220000000000000000e+02 0.000000000000000000e+00
8.350000000000000000e+02 0.000000000000000000e+00
8.400000000000000000e+02 0.000000000000000000e+00
8.420000000000000000e+02 0.000000000000000000e+00
8.420000000000000000e+02 0.000000000000000000e+00
