1.000000000000000000e+00 3.780000000000000000e+03
8.000000000000000000e+00 2.286000000000000000e+03
6.900000000000000000e+01 1.429000000000000000e+03
1.730000000000000000e+02 8.730000000000000000e+02
3.010000000000000000e+02 5.770000000000000000e+02
4.220000000000000000e+02 3.790000000000000000e+02
5.080000000000000000e+02 2.530000000000000000e+02
5.740000000000000000e+02 1.690000000000000000e+02
6.210000000000000000e+02 1.070000000000000000e+02
6.620000000000000000e+02 6.900000000000000000e+01
6.890000000000000000e+02 4.700000000000000000e+01
7.190000000000000000e+02 3.300000000000000000e+01
7.280000000000000000e+02 2.100000000000000000e+01
7.470000000000000000e+02 1.800000000000000000e+01
7.640000000000000000e+02 1.100000000000000000e+01
7.720000000000000000e+02 7.000000000000000000e+00
7.800000000000000000e+02 6.000000000000000000e+00
7.840000000000000000e+02 2.000000000000000000e+00
7.900000000000000000e+02 0.000000000000000000e+00
