1.000000000000000000e+00 2.372200000000000000e+04
1.900000000000000000e+01 1.401800000000000000e+04
3.050000000000000000e+02 1.008400000000000000e+04
4.080000000000000000e+02 7.665000000000000000e+03
4.220000000000000000e+02 5.630000000000000000e+03
4.230000000000000000e+02 3.798000000000000000e+03
4.240000000000000000e+02 2.468000000000000000e+03
4.410000000000000000e+02 1.565000000000000000e+03
4.690000000000000000e+02 9.540000000000000000e+02
5.360000000000000000e+02 5.570000000000000000e+02
6.020000000000000000e+02 3.060000000000000000e+02
6.530000000000000000e+02 1.460000000000000000e+02
6.990000000000000000e+02 7.300000000000000000e+01
7.450000000000000000e+02 2.800000000000000000e+01
7.660000000000000000e+02 1.200000000000000000e+01
7.970000000000000000e+02 2.000000000000000000e+00
8.160000000000000000e+02 1.000000000000000000e+00
8.290000000000000000e+02 1.000000000000000000e+00
8.380000000000000000e+02 0.000000000000000000e+00
