1.000000000000000000e+00 1.502700000000000000e+04
1.000000000000000000e+00 7.605000000000000000e+03
4.000000000000000000e+01 3.940000000000000000e+03
1.890000000000000000e+02 2.029000000000000000e+03
3.770000000000000000e+02 1.112000000000000000e+03
5.010000000000000000e+02 6.270000000000000000e+02
5.810000000000000000e+02 3.430000000000000000e+02
6.500000000000000000e+02 1.790000000000000000e+02
7.080000000000000000e+02 8.400000000000000000e+01
7.420000000000000000e+02 3.200000000000000000e+01
7.740000000000000000e+02 1.500000000000000000e+01
7.890000000000000000e+02 6.000000000000000000e+00
8.030000000000000000e+02 3.000000000000000000e+00
8.110000000000000000e+02 2.000000000000000000e+00
8.160000000000000000e+02 1.000000000000000000e+00
8.170000000000000000e+02 1.000000000000000000e+00
8.180000000000000000e+02 1.000000000000000000e+00
8.190000000000000000e+02 1.000000000000000000e+00
8.220000000000000000e+02 0.000000000000000000e+00
