1.000000000000000000e+00 2.010200000000000000e+04
1.000000000000000000e+00 1.135400000000000000e+04
1.700000000000000000e+01 6.239000000000000000e+03
1.320000000000000000e+02 3.321000000000000000e+03
2.810000000000000000e+02 1.865000000000000000e+03
4.190000000000000000e+02 1.018000000000000000e+03
5.060000000000000000e+02 5.410000000000000000e+02
5.770000000000000000e+02 2.580000000000000000e+02
6.480000000000000000e+02 1.020000000000000000e+02
7.100000000000000000e+02 4.200000000000000000e+01
7.530000000000000000e+02 9.000000000000000000e+00
7.890000000000000000e+02 5.000000000000000000e+00
8.080000000000000000e+02 1.000000000000000000e+00
8.180000000000000000e+02 0.000000000000000000e+00
8.260000000000000000e+02 0.000000000000000000e+00
8.300000000000000000e+02 0.000000000000000000e+00
8.320000000000000000e+02 0.000000000000000000e+00
8.340000000000000000e+02 0.000000000000000000e+00
8.340000000000000000e+02 0.000000000000000000e+00
