3.500000000000000000e+01 6.915000000000000000e+03
7.000000000000000000e+01 5.688000000000000000e+03
7.200000000000000000e+01 4.690000000000000000e+03
7.400000000000000000e+01 3.714000000000000000e+03
9.800000000000000000e+01 2.937000000000000000e+03
1.230000000000000000e+02 2.334000000000000000e+03
1.780000000000000000e+02 1.832000000000000000e+03
2.370000000000000000e+02 1.477000000000000000e+03
3.060000000000000000e+02 1.154000000000000000e+03
3.530000000000000000e+02 9.100000000000000000e+02
4.120000000000000000e+02 7.170000000000000000e+02
4.550000000000000000e+02 5.530000000000000000e+02
4.970000000000000000e+02 4.240000000000000000e+02
5.220000000000000000e+02 3.160000000000000000e+02
5.530000000000000000e+02 2.260000000000000000e+02
5.850000000000000000e+02 1.640000000000000000e+02
6.010000000000000000e+02 1.120000000000000000e+02
6.250000000000000000e+02 8.000000000000000000e+01
6.470000000000000000e+02 5.000000000000000000e+01
