1.000000000000000000e+00 8.777000000000000000e+03
4.800000000000000000e+01 2.148000000000000000e+03
4.860000000000000000e+02 4.710000000000000000e+02
7.180000000000000000e+02 2.270000000000000000e+02
7.680000000000000000e+02 1.760000000000000000e+02
7.750000000000000000e+02 1.310000000000000000e+02
7.770000000000000000e+02 9.600000000000000000e+01
7.780000000000000000e+02 6.100000000000000000e+01
7.830000000000000000e+02 3.800000000000000000e+01
7.870000000000000000e+02 2.400000000000000000e+01
7.900000000000000000e+02 7.000000000000000000e+00
7.960000000000000000e+02 2.000000000000000000e+00
8.040000000000000000e+02 1.000000000000000000e+00
8.110000000000000000e+02 1.000000000000000000e+00
8.110000000000000000e+02 0.000000000000000000e+00
8.160000000000000000e+02 0.000000000000000000e+00
8.180000000000000000e+02 0.000000000000000000e+00
8.180000000000000000e+02 0.000000000000000000e+00
8.180000000000000000e+02 0.000000000000000000e+00
