1.000000000000000000e+00 1.429700000000000000e+04
3.000000000000000000e+00 6.574000000000000000e+03
7.000000000000000000e+01 2.960000000000000000e+03
2.930000000000000000e+02 1.372000000000000000e+03
4.780000000000000000e+02 6.710000000000000000e+02
5.940000000000000000e+02 3.770000000000000000e+02
6.770000000000000000e+02 1.940000000000000000e+02
7.280000000000000000e+02 8.400000000000000000e+01
7.600000000000000000e+02 5.000000000000000000e+01
7.730000000000000000e+02 2.300000000000000000e+01
7.890000000000000000e+02 6.000000000000000000e+00
8.040000000000000000e+02 3.000000000000000000e+00
8.100000000000000000e+02 2.000000000000000000e+00
8.140000000000000000e+02 1.000000000000000000e+00
8.170000000000000000e+02 1.000000000000000000e+00
8.190000000000000000e+02 0.000000000000000000e+00
8.210000000000000000e+02 0.000000000000000000e+00
8.230000000000000000e+02 0.000000000000000000e+00
8.240000000000000000e+02 0.000000000000000000e+00
