4.800000000000000000e+01 8.419000000000000000e+03
7.100000000000000000e+01 6.140000000000000000e+03
8.000000000000000000e+01 4.464000000000000000e+03
1.340000000000000000e+02 3.236000000000000000e+03
2.070000000000000000e+02 2.414000000000000000e+03
2.790000000000000000e+02 1.825000000000000000e+03
3.400000000000000000e+02 1.377000000000000000e+03
3.990000000000000000e+02 1.057000000000000000e+03
4.480000000000000000e+02 8.080000000000000000e+02
4.890000000000000000e+02 6.310000000000000000e+02
5.360000000000000000e+02 4.790000000000000000e+02
5.730000000000000000e+02 3.890000000000000000e+02
6.030000000000000000e+02 3.020000000000000000e+02
6.280000000000000000e+02 2.350000000000000000e+02
6.530000000000000000e+02 1.740000000000000000e+02
6.700000000000000000e+02 1.320000000000000000e+02
6.910000000000000000e+02 9.200000000000000000e+01
7.050000000000000000e+02 6.300000000000000000e+01
7.150000000000000000e+02 4.700000000000000000e+01
