1.000000000000000000e+00 1.241300000000000000e+04
2.000000000000000000e+00 7.351000000000000000e+03
2.700000000000000000e+01 4.389000000000000000e+03
1.410000000000000000e+02 2.655000000000000000e+03
2.740000000000000000e+02 1.634000000000000000e+03
4.130000000000000000e+02 1.025000000000000000e+03
5.190000000000000000e+02 6.970000000000000000e+02
5.930000000000000000e+02 4.500000000000000000e+02
6.360000000000000000e+02 2.610000000000000000e+02
6.690000000000000000e+02 1.510000000000000000e+02
7.020000000000000000e+02 7.200000000000000000e+01
7.360000000000000000e+02 3.500000000000000000e+01
7.600000000000000000e+02 1.500000000000000000e+01
7.780000000000000000e+02 8.000000000000000000e+00
7.980000000000000000e+02 1.000000000000000000e+00
8.070000000000000000e+02 0.000000000000000000e+00
8.090000000000000000e+02 0.000000000000000000e+00
8.110000000000000000e+02 0.000000000000000000e+00
8.110000000000000000e+02 0.000000000000000000e+00
