4.000000000000000000e+00 1.705700000000000000e+04
7.600000000000000000e+01 1.161700000000000000e+04
8.200000000000000000e+01 7.701000000000000000e+03
1.080000000000000000e+02 4.927000000000000000e+03
1.650000000000000000e+02 2.989000000000000000e+03
2.590000000000000000e+02 1.840000000000000000e+03
3.460000000000000000e+02 1.132000000000000000e+03
4.300000000000000000e+02 6.640000000000000000e+02
5.090000000000000000e+02 4.120000000000000000e+02
5.700000000000000000e+02 2.430000000000000000e+02
6.230000000000000000e+02 1.430000000000000000e+02
6.730000000000000000e+02 8.300000000000000000e+01
6.990000000000000000e+02 3.700000000000000000e+01
7.290000000000000000e+02 2.100000000000000000e+01
7.510000000000000000e+02 9.000000000000000000e+00
7.740000000000000000e+02 4.000000000000000000e+00
7.790000000000000000e+02 1.000000000000000000e+00
7.930000000000000000e+02 1.000000000000000000e+00
8.040000000000000000e+02 0.000000000000000000e+00
