1.000000000000000000e+00 1.315000000000000000e+04
1.000000000000000000e+00 8.548000000000000000e+03
5.000000000000000000e+00 5.023000000000000000e+03
4.800000000000000000e+01 2.929000000000000000e+03
1.700000000000000000e+02 1.702000000000000000e+03
3.260000000000000000e+02 1.018000000000000000e+03
4.720000000000000000e+02 5.990000000000000000e+02
5.710000000000000000e+02 3.120000000000000000e+02
6.420000000000000000e+02 1.470000000000000000e+02
6.930000000000000000e+02 7.300000000000000000e+01
7.310000000000000000e+02 3.600000000000000000e+01
7.590000000000000000e+02 1.200000000000000000e+01
7.820000000000000000e+02 3.000000000000000000e+00
7.970000000000000000e+02 1.000000000000000000e+00
8.050000000000000000e+02 0.000000000000000000e+00
8.100000000000000000e+02 0.000000000000000000e+00
8.120000000000000000e+02 0.000000000000000000e+00
8.140000000000000000e+02 0.000000000000000000e+00
8.150000000000000000e+02 0.000000000000000000e+00
