1.000000000000000000e+00 3.699000000000000000e+03
1.200000000000000000e+01 2.167000000000000000e+03
7.300000000000000000e+01 1.293000000000000000e+03
1.910000000000000000e+02 7.400000000000000000e+02
3.330000000000000000e+02 4.620000000000000000e+02
4.580000000000000000e+02 2.900000000000000000e+02
5.470000000000000000e+02 1.660000000000000000e+02
6.130000000000000000e+02 9.500000000000000000e+01
6.680000000000000000e+02 6.100000000000000000e+01
6.910000000000000000e+02 4.000000000000000000e+01
7.180000000000000000e+02 2.300000000000000000e+01
7.400000000000000000e+02 2.000000000000000000e+01
7.600000000000000000e+02 1.500000000000000000e+01
7.720000000000000000e+02 9.000000000000000000e+00
7.760000000000000000e+02 6.000000000000000000e+00
7.850000000000000000e+02 3.000000000000000000e+00
7.910000000000000000e+02 0.000000000000000000e+00
7.940000000000000000e+02 0.000000000000000000e+00
7.950000000000000000e+02 0.000000000000000000e+00
