1.000000000000000000e+00 7.947000000000000000e+03
1.100000000000000000e+01 4.748000000000000000e+03
1.200000000000000000e+02 2.819000000000000000e+03
2.660000000000000000e+02 1.696000000000000000e+03
3.590000000000000000e+02 9.910000000000000000e+02
4.630000000000000000e+02 5.710000000000000000e+02
5.610000000000000000e+02 3.350000000000000000e+02
6.260000000000000000e+02 1.780000000000000000e+02
6.740000000000000000e+02 1.110000000000000000e+02
7.040000000000000000e+02 5.000000000000000000e+01
7.370000000000000000e+02 1.800000000000000000e+01
7.660000000000000000e+02 5.000000000000000000e+00
7.840000000000000000e+02 2.000000000000000000e+00
7.960000000000000000e+02 0.000000000000000000e+00
8.010000000000000000e+02 0.000000000000000000e+00
8.050000000000000000e+02 0.000000000000000000e+00
8.060000000000000000e+02 0.000000000000000000e+00
8.090000000000000000e+02 0.000000000000000000e+00
8.100000000000000000e+02 0.000000000000000000e+00
