1.000000000000000000e+00 1.683400000000000000e+04
1.000000000000000000e+00 1.011100000000000000e+04
6.000000000000000000e+00 6.240000000000000000e+03
5.500000000000000000e+01 3.786000000000000000e+03
1.640000000000000000e+02 2.325000000000000000e+03
3.050000000000000000e+02 1.477000000000000000e+03
4.070000000000000000e+02 9.260000000000000000e+02
4.980000000000000000e+02 5.860000000000000000e+02
5.630000000000000000e+02 3.480000000000000000e+02
6.140000000000000000e+02 2.070000000000000000e+02
6.510000000000000000e+02 9.600000000000000000e+01
6.980000000000000000e+02 4.000000000000000000e+01
7.340000000000000000e+02 1.600000000000000000e+01
7.620000000000000000e+02 7.000000000000000000e+00
7.930000000000000000e+02 2.000000000000000000e+00
8.050000000000000000e+02 1.000000000000000000e+00
8.130000000000000000e+02 1.000000000000000000e+00
8.150000000000000000e+02 1.000000000000000000e+00
8.170000000000000000e+02 1.000000000000000000e+00
