4.400000000000000000e+01 8.412000000000000000e+03
7.200000000000000000e+01 6.328000000000000000e+03
8.100000000000000000e+01 4.922000000000000000e+03
1.190000000000000000e+02 3.811000000000000000e+03
1.600000000000000000e+02 2.920000000000000000e+03
1.960000000000000000e+02 2.205000000000000000e+03
2.350000000000000000e+02 1.697000000000000000e+03
2.970000000000000000e+02 1.278000000000000000e+03
3.550000000000000000e+02 9.890000000000000000e+02
4.090000000000000000e+02 7.650000000000000000e+02
4.650000000000000000e+02 5.620000000000000000e+02
5.040000000000000000e+02 4.350000000000000000e+02
5.350000000000000000e+02 3.130000000000000000e+02
5.620000000000000000e+02 2.160000000000000000e+02
5.960000000000000000e+02 1.560000000000000000e+02
6.190000000000000000e+02 1.150000000000000000e+02
6.450000000000000000e+02 7.600000000000000000e+01
6.680000000000000000e+02 5.000000000000000000e+01
6.940000000000000000e+02 2.700000000000000000e+01
