1.000000000000000000e+00 4.998400000000000000e+04
2.700000000000000000e+01 2.913700000000000000e+04
8.800000000000000000e+01 1.619800000000000000e+04
1.160000000000000000e+02 8.602000000000000000e+03
1.840000000000000000e+02 4.299000000000000000e+03
2.820000000000000000e+02 2.088000000000000000e+03
3.920000000000000000e+02 8.950000000000000000e+02
5.110000000000000000e+02 3.800000000000000000e+02
6.060000000000000000e+02 1.340000000000000000e+02
7.110000000000000000e+02 4.700000000000000000e+01
7.760000000000000000e+02 1.200000000000000000e+01
8.110000000000000000e+02 3.000000000000000000e+00
8.420000000000000000e+02 0.000000000000000000e+00
8.610000000000000000e+02 0.000000000000000000e+00
8.690000000000000000e+02 0.000000000000000000e+00
8.770000000000000000e+02 0.000000000000000000e+00
8.840000000000000000e+02 0.000000000000000000e+00
8.880000000000000000e+02 0.000000000000000000e+00
8.890000000000000000e+02 0.000000000000000000e+00
