1.000000000000000000e+00 1.234700000000000000e+04
1.000000000000000000e+00 7.477000000000000000e+03
1.000000000000000000e+01 4.552000000000000000e+03
9.700000000000000000e+01 2.700000000000000000e+03
2.470000000000000000e+02 1.660000000000000000e+03
4.030000000000000000e+02 1.095000000000000000e+03
5.110000000000000000e+02 7.450000000000000000e+02
5.790000000000000000e+02 4.910000000000000000e+02
6.290000000000000000e+02 3.160000000000000000e+02
6.590000000000000000e+02 1.810000000000000000e+02
6.940000000000000000e+02 1.000000000000000000e+02
7.270000000000000000e+02 5.700000000000000000e+01
7.520000000000000000e+02 3.500000000000000000e+01
7.660000000000000000e+02 1.400000000000000000e+01
7.800000000000000000e+02 6.000000000000000000e+00
7.900000000000000000e+02 3.000000000000000000e+00
7.980000000000000000e+02 2.000000000000000000e+00
8.030000000000000000e+02 1.000000000000000000e+00
8.060000000000000000e+02 0.000000000000000000e+00
