1.000000000000000000e+00 8.034000000000000000e+03
5.000000000000000000e+00 4.870000000000000000e+03
7.900000000000000000e+01 2.814000000000000000e+03
2.330000000000000000e+02 1.672000000000000000e+03
3.620000000000000000e+02 9.980000000000000000e+02
4.750000000000000000e+02 5.860000000000000000e+02
5.550000000000000000e+02 3.490000000000000000e+02
6.170000000000000000e+02 2.040000000000000000e+02
6.610000000000000000e+02 1.120000000000000000e+02
7.050000000000000000e+02 6.000000000000000000e+01
7.410000000000000000e+02 2.100000000000000000e+01
7.640000000000000000e+02 7.000000000000000000e+00
7.800000000000000000e+02 3.000000000000000000e+00
7.940000000000000000e+02 1.000000000000000000e+00
7.990000000000000000e+02 0.000000000000000000e+00
8.020000000000000000e+02 0.000000000000000000e+00
8.040000000000000000e+02 0.000000000000000000e+00
8.060000000000000000e+02 0.000000000000000000e+00
8.090000000000000000e+02 0.000000000000000000e+00
