1.000000000000000000e+00 1.316600000000000000e+04
1.000000000000000000e+00 8.512000000000000000e+03
5.000000000000000000e+00 4.870000000000000000e+03
5.400000000000000000e+01 2.742000000000000000e+03
1.800000000000000000e+02 1.581000000000000000e+03
3.520000000000000000e+02 8.960000000000000000e+02
4.880000000000000000e+02 4.860000000000000000e+02
5.870000000000000000e+02 2.410000000000000000e+02
6.620000000000000000e+02 1.090000000000000000e+02
7.180000000000000000e+02 5.100000000000000000e+01
7.460000000000000000e+02 1.700000000000000000e+01
7.750000000000000000e+02 5.000000000000000000e+00
7.910000000000000000e+02 1.000000000000000000e+00
8.050000000000000000e+02 0.000000000000000000e+00
8.100000000000000000e+02 0.000000000000000000e+00
8.120000000000000000e+02 0.000000000000000000e+00
8.130000000000000000e+02 0.000000000000000000e+00
8.150000000000000000e+02 0.000000000000000000e+00
8.160000000000000000e+02 0.000000000000000000e+00
