1.000000000000000000e+00 8.097000000000000000e+03
4.100000000000000000e+01 4.982000000000000000e+03
1.340000000000000000e+02 2.923000000000000000e+03
3.150000000000000000e+02 1.687000000000000000e+03
4.430000000000000000e+02 1.034000000000000000e+03
5.020000000000000000e+02 6.700000000000000000e+02
5.470000000000000000e+02 4.120000000000000000e+02
5.930000000000000000e+02 2.610000000000000000e+02
6.380000000000000000e+02 1.540000000000000000e+02
6.720000000000000000e+02 9.300000000000000000e+01
7.090000000000000000e+02 5.000000000000000000e+01
7.360000000000000000e+02 2.700000000000000000e+01
7.620000000000000000e+02 1.200000000000000000e+01
7.780000000000000000e+02 2.000000000000000000e+00
7.930000000000000000e+02 1.000000000000000000e+00
8.020000000000000000e+02 0.000000000000000000e+00
8.060000000000000000e+02 0.000000000000000000e+00
8.080000000000000000e+02 0.000000000000000000e+00
8.100000000000000000e+02 0.000000000000000000e+00
