1.000000000000000000e+00 1.722700000000000000e+04
1.000000000000000000e+00 1.059800000000000000e+04
3.000000000000000000e+00 6.458000000000000000e+03
4.000000000000000000e+01 3.941000000000000000e+03
1.370000000000000000e+02 2.367000000000000000e+03
2.830000000000000000e+02 1.489000000000000000e+03
3.910000000000000000e+02 9.140000000000000000e+02
4.870000000000000000e+02 5.340000000000000000e+02
5.610000000000000000e+02 3.020000000000000000e+02
6.160000000000000000e+02 1.650000000000000000e+02
6.700000000000000000e+02 7.700000000000000000e+01
7.060000000000000000e+02 2.400000000000000000e+01
7.470000000000000000e+02 5.000000000000000000e+00
7.730000000000000000e+02 3.000000000000000000e+00
7.990000000000000000e+02 2.000000000000000000e+00
8.070000000000000000e+02 1.000000000000000000e+00
8.140000000000000000e+02 1.000000000000000000e+00
8.150000000000000000e+02 1.000000000000000000e+00
8.170000000000000000e+02 1.000000000000000000e+00
