3.500000000000000000e+01 9.551000000000000000e+03
6.900000000000000000e+01 7.879000000000000000e+03
7.300000000000000000e+01 6.536000000000000000e+03
7.600000000000000000e+01 5.381000000000000000e+03
8.000000000000000000e+01 4.355000000000000000e+03
9.000000000000000000e+01 3.548000000000000000e+03
1.120000000000000000e+02 2.838000000000000000e+03
1.630000000000000000e+02 2.262000000000000000e+03
2.130000000000000000e+02 1.804000000000000000e+03
2.600000000000000000e+02 1.450000000000000000e+03
3.160000000000000000e+02 1.144000000000000000e+03
3.600000000000000000e+02 9.070000000000000000e+02
4.100000000000000000e+02 7.140000000000000000e+02
4.550000000000000000e+02 5.490000000000000000e+02
4.950000000000000000e+02 4.280000000000000000e+02
5.310000000000000000e+02 3.300000000000000000e+02
5.530000000000000000e+02 2.510000000000000000e+02
5.770000000000000000e+02 1.690000000000000000e+02
5.970000000000000000e+02 1.230000000000000000e+02
