1.000000000000000000e+00 1.457900000000000000e+04
1.000000000000000000e+00 6.883000000000000000e+03
6.000000000000000000e+01 3.274000000000000000e+03
2.550000000000000000e+02 1.564000000000000000e+03
4.480000000000000000e+02 7.970000000000000000e+02
5.650000000000000000e+02 4.320000000000000000e+02
6.450000000000000000e+02 2.360000000000000000e+02
7.100000000000000000e+02 1.110000000000000000e+02
7.450000000000000000e+02 5.300000000000000000e+01
7.710000000000000000e+02 2.500000000000000000e+01
7.850000000000000000e+02 9.000000000000000000e+00
8.010000000000000000e+02 3.000000000000000000e+00
8.090000000000000000e+02 2.000000000000000000e+00
8.130000000000000000e+02 1.000000000000000000e+00
8.160000000000000000e+02 1.000000000000000000e+00
8.180000000000000000e+02 1.000000000000000000e+00
8.190000000000000000e+02 0.000000000000000000e+00
8.220000000000000000e+02 0.000000000000000000e+00
8.230000000000000000e+02 0.000000000000000000e+00
