1.000000000000000000e+00 8.330000000000000000e+03
7.100000000000000000e+01 5.192000000000000000e+03
8.200000000000000000e+01 3.209000000000000000e+03
1.310000000000000000e+02 1.870000000000000000e+03
2.300000000000000000e+02 1.028000000000000000e+03
3.370000000000000000e+02 5.630000000000000000e+02
4.430000000000000000e+02 2.820000000000000000e+02
5.240000000000000000e+02 1.440000000000000000e+02
6.090000000000000000e+02 6.800000000000000000e+01
6.770000000000000000e+02 3.900000000000000000e+01
7.110000000000000000e+02 2.000000000000000000e+01
7.370000000000000000e+02 9.000000000000000000e+00
7.620000000000000000e+02 5.000000000000000000e+00
7.780000000000000000e+02 0.000000000000000000e+00
7.880000000000000000e+02 0.000000000000000000e+00
7.950000000000000000e+02 0.000000000000000000e+00
7.990000000000000000e+02 0.000000000000000000e+00
8.040000000000000000e+02 0.000000000000000000e+00
8.090000000000000000e+02 0.000000000000000000e+00
