1.000000000000000000e+00 1.335000000000000000e+04
2.400000000000000000e+01 8.910000000000000000e+03
8.200000000000000000e+01 5.799000000000000000e+03
1.100000000000000000e+02 3.666000000000000000e+03
1.860000000000000000e+02 2.179000000000000000e+03
2.750000000000000000e+02 1.270000000000000000e+03
3.670000000000000000e+02 6.790000000000000000e+02
4.790000000000000000e+02 3.560000000000000000e+02
5.770000000000000000e+02 1.810000000000000000e+02
6.330000000000000000e+02 7.400000000000000000e+01
6.890000000000000000e+02 2.200000000000000000e+01
7.230000000000000000e+02 5.000000000000000000e+00
7.530000000000000000e+02 1.000000000000000000e+00
7.710000000000000000e+02 0.000000000000000000e+00
7.860000000000000000e+02 0.000000000000000000e+00
7.960000000000000000e+02 0.000000000000000000e+00
8.060000000000000000e+02 0.000000000000000000e+00
8.100000000000000000e+02 0.000000000000000000e+00
8.160000000000000000e+02 0.000000000000000000e+00
