1.000000000000000000e+00 1.357700000000000000e+04
4.000000000000000000e+00 5.545000000000000000e+03
1.300000000000000000e+02 2.179000000000000000e+03
4.080000000000000000e+02 9.200000000000000000e+02
5.850000000000000000e+02 4.560000000000000000e+02
6.720000000000000000e+02 2.680000000000000000e+02
7.310000000000000000e+02 1.520000000000000000e+02
7.620000000000000000e+02 8.300000000000000000e+01
7.750000000000000000e+02 4.300000000000000000e+01
7.830000000000000000e+02 1.500000000000000000e+01
7.920000000000000000e+02 6.000000000000000000e+00
8.020000000000000000e+02 2.000000000000000000e+00
8.080000000000000000e+02 1.000000000000000000e+00
8.140000000000000000e+02 0.000000000000000000e+00
8.200000000000000000e+02 0.000000000000000000e+00
8.230000000000000000e+02 0.000000000000000000e+00
8.240000000000000000e+02 0.000000000000000000e+00
8.260000000000000000e+02 0.000000000000000000e+00
8.260000000000000000e+02 0.000000000000000000e+00
