4.200000000000000000e+01 1.745000000000000000e+03
8.100000000000000000e+01 1.307000000000000000e+03
1.260000000000000000e+02 9.720000000000000000e+02
1.830000000000000000e+02 7.550000000000000000e+02
2.690000000000000000e+02 6.010000000000000000e+02
3.290000000000000000e+02 4.700000000000000000e+02
3.870000000000000000e+02 3.750000000000000000e+02
4.480000000000000000e+02 2.810000000000000000e+02
4.880000000000000000e+02 2.190000000000000000e+02
5.240000000000000000e+02 1.630000000000000000e+02
5.500000000000000000e+02 1.280000000000000000e+02
5.740000000000000000e+02 9.600000000000000000e+01
6.010000000000000000e+02 7.000000000000000000e+01
6.230000000000000000e+02 5.700000000000000000e+01
6.450000000000000000e+02 4.500000000000000000e+01
6.620000000000000000e+02 3.800000000000000000e+01
6.760000000000000000e+02 3.000000000000000000e+01
6.860000000000000000e+02 2.100000000000000000e+01
7.010000000000000000e+02 1.900000000000000000e+01
