1.000000000000000000e+00 1.198200000000000000e+04
2.000000000000000000e+01 3.515000000000000000e+03
3.770000000000000000e+02 9.530000000000000000e+02
6.420000000000000000e+02 4.570000000000000000e+02
7.450000000000000000e+02 3.330000000000000000e+02
7.620000000000000000e+02 2.400000000000000000e+02
7.690000000000000000e+02 1.730000000000000000e+02
7.710000000000000000e+02 1.260000000000000000e+02
7.750000000000000000e+02 8.200000000000000000e+01
7.780000000000000000e+02 5.000000000000000000e+01
7.820000000000000000e+02 2.500000000000000000e+01
7.940000000000000000e+02 1.100000000000000000e+01
8.000000000000000000e+02 3.000000000000000000e+00
8.070000000000000000e+02 0.000000000000000000e+00
8.120000000000000000e+02 0.000000000000000000e+00
8.170000000000000000e+02 0.000000000000000000e+00
8.200000000000000000e+02 0.000000000000000000e+00
8.230000000000000000e+02 0.000000000000000000e+00
8.230000000000000000e+02 0.000000000000000000e+00
