4.400000000000000000e+01 1.327600000000000000e+04
7.300000000000000000e+01 1.002200000000000000e+04
7.800000000000000000e+01 7.648000000000000000e+03
8.400000000000000000e+01 5.698000000000000000e+03
1.270000000000000000e+02 4.234000000000000000e+03
1.830000000000000000e+02 3.140000000000000000e+03
2.400000000000000000e+02 2.319000000000000000e+03
3.120000000000000000e+02 1.739000000000000000e+03
3.610000000000000000e+02 1.297000000000000000e+03
4.240000000000000000e+02 9.530000000000000000e+02
4.820000000000000000e+02 7.100000000000000000e+02
5.190000000000000000e+02 5.150000000000000000e+02
5.450000000000000000e+02 3.790000000000000000e+02
5.800000000000000000e+02 2.750000000000000000e+02
6.040000000000000000e+02 1.940000000000000000e+02
6.300000000000000000e+02 1.340000000000000000e+02
6.440000000000000000e+02 9.200000000000000000e+01
6.690000000000000000e+02 5.700000000000000000e+01
6.890000000000000000e+02 3.800000000000000000e+01
