1.000000000000000000e+00 1.990400000000000000e+04
1.000000000000000000e+00 1.104200000000000000e+04
2.900000000000000000e+01 5.891000000000000000e+03
1.500000000000000000e+02 3.101000000000000000e+03
3.080000000000000000e+02 1.696000000000000000e+03
4.350000000000000000e+02 9.090000000000000000e+02
5.330000000000000000e+02 4.580000000000000000e+02
6.020000000000000000e+02 2.060000000000000000e+02
6.750000000000000000e+02 8.000000000000000000e+01
7.300000000000000000e+02 3.400000000000000000e+01
7.720000000000000000e+02 1.000000000000000000e+01
7.960000000000000000e+02 4.000000000000000000e+00
8.120000000000000000e+02 0.000000000000000000e+00
8.220000000000000000e+02 0.000000000000000000e+00
8.240000000000000000e+02 0.000000000000000000e+00
8.290000000000000000e+02 0.000000000000000000e+00
8.320000000000000000e+02 0.000000000000000000e+00
8.340000000000000000e+02 0.000000000000000000e+00
8.340000000000000000e+02 0.000000000000000000e+00
