1.000000000000000000e+00 1.363900000000000000e+04
1.000000000000000000e+00 9.395000000000000000e+03
2.000000000000000000e+00 5.610000000000000000e+03
2.000000000000000000e+01 3.130000000000000000e+03
1.200000000000000000e+02 1.712000000000000000e+03
2.930000000000000000e+02 8.760000000000000000e+02
4.440000000000000000e+02 4.500000000000000000e+02
5.710000000000000000e+02 2.040000000000000000e+02
6.570000000000000000e+02 8.700000000000000000e+01
7.200000000000000000e+02 3.300000000000000000e+01
7.590000000000000000e+02 5.000000000000000000e+00
7.820000000000000000e+02 0.000000000000000000e+00
7.950000000000000000e+02 0.000000000000000000e+00
8.070000000000000000e+02 0.000000000000000000e+00
8.130000000000000000e+02 0.000000000000000000e+00
8.150000000000000000e+02 0.000000000000000000e+00
8.150000000000000000e+02 0.000000000000000000e+00
8.170000000000000000e+02 0.000000000000000000e+00
8.170000000000000000e+02 0.000000000000000000e+00
