4.400000000000000000e+01 3.944000000000000000e+03
7.800000000000000000e+01 2.839000000000000000e+03
1.350000000000000000e+02 2.064000000000000000e+03
2.090000000000000000e+02 1.524000000000000000e+03
2.750000000000000000e+02 1.118000000000000000e+03
3.470000000000000000e+02 8.460000000000000000e+02
4.000000000000000000e+02 6.090000000000000000e+02
4.730000000000000000e+02 4.200000000000000000e+02
5.310000000000000000e+02 3.070000000000000000e+02
5.810000000000000000e+02 2.190000000000000000e+02
6.250000000000000000e+02 1.530000000000000000e+02
6.550000000000000000e+02 9.600000000000000000e+01
6.810000000000000000e+02 7.200000000000000000e+01
7.060000000000000000e+02 4.700000000000000000e+01
7.260000000000000000e+02 2.800000000000000000e+01
7.380000000000000000e+02 1.700000000000000000e+01
7.510000000000000000e+02 1.300000000000000000e+01
7.630000000000000000e+02 1.000000000000000000e+01
7.690000000000000000e+02 6.000000000000000000e+00
