1.000000000000000000e+00 2.993300000000000000e+04
1.000000000000000000e+00 2.280300000000000000e+04
1.000000000000000000e+00 1.635200000000000000e+04
1.000000000000000000e+00 1.066600000000000000e+04
4.000000000000000000e+00 6.458000000000000000e+03
3.600000000000000000e+01 3.809000000000000000e+03
1.180000000000000000e+02 2.092000000000000000e+03
2.550000000000000000e+02 1.165000000000000000e+03
4.040000000000000000e+02 5.980000000000000000e+02
5.370000000000000000e+02 3.000000000000000000e+02
6.260000000000000000e+02 1.350000000000000000e+02
6.890000000000000000e+02 5.600000000000000000e+01
7.470000000000000000e+02 1.600000000000000000e+01
7.860000000000000000e+02 1.000000000000000000e+00
8.170000000000000000e+02 0.000000000000000000e+00
8.350000000000000000e+02 0.000000000000000000e+00
8.410000000000000000e+02 0.000000000000000000e+00
8.420000000000000000e+02 0.000000000000000000e+00
8.420000000000000000e+02 0.000000000000000000e+00
