1.000000000000000000e+00 6.079000000000000000e+03
3.300000000000000000e+01 3.814000000000000000e+03
1.340000000000000000e+02 2.175000000000000000e+03
2.250000000000000000e+02 1.220000000000000000e+03
3.580000000000000000e+02 6.800000000000000000e+02
4.830000000000000000e+02 3.870000000000000000e+02
5.780000000000000000e+02 2.400000000000000000e+02
6.550000000000000000e+02 1.410000000000000000e+02
7.090000000000000000e+02 8.500000000000000000e+01
7.400000000000000000e+02 4.900000000000000000e+01
7.570000000000000000e+02 3.100000000000000000e+01
7.670000000000000000e+02 1.400000000000000000e+01
7.750000000000000000e+02 6.000000000000000000e+00
7.820000000000000000e+02 3.000000000000000000e+00
7.880000000000000000e+02 0.000000000000000000e+00
7.960000000000000000e+02 0.000000000000000000e+00
7.980000000000000000e+02 0.000000000000000000e+00
8.020000000000000000e+02 0.000000000000000000e+00
8.050000000000000000e+02 0.000000000000000000e+00
